0 1.673819e-04
1 1.391870e-04
2 8.025824e-05
3 2.793025e-06
4 6.542531e-05
5 7.736538e-05
6 -3.618245e-06
7 1.815785e-05
8 1.609938e-05
9 2.755260e-05
10 1.086276e-05
11 1.659126e-05
12 7.164338e-06
13 5.507511e-06
14 -1.140589e-06
15 9.518020e-06
16 4.078365e-06
17 1.834129e-06
18 4.815655e-06
19 2.386402e-06
20 1.028771e-06
21 2.228189e-07
22 6.420630e-08
23 1.059023e-06
24 1.244579e-06
25 2.806640e-07
26 1.340045e-08
27 1.446063e-07
28 -7.403344e-08
29 -9.682242e-08
30 6.386993e-05
31 -2.827023e-06
32 -2.441911e-05
33 7.644220e-05
34 6.094975e-05
35 5.658359e-05
36 1.128214e-05
37 2.061952e-05
38 1.817947e-05
39 4.501105e-05
40 1.434198e-05
41 1.056610e-05
42 1.623247e-05
43 7.274909e-06
44 1.058348e-05
45 5.879064e-06
46 6.446523e-06
47 5.135206e-06
48 4.445243e-06
49 5.306835e-06
50 2.145257e-06
51 -3.648054e-07
52 8.950431e-07
53 5.255387e-07
54 4.635297e-07
55 5.063577e-07
56 2.406214e-07
57 -3.922678e-08
58 -2.571551e-08
59 -2.565913e-07
60 -5.354216e-05
61 -1.363030e-05
62 8.622262e-05
63 -4.812706e-06
64 7.426035e-05
65 8.783138e-05
66 4.734930e-05
67 6.083812e-05
68 4.920059e-05
69 1.903160e-05
70 2.768556e-05
71 2.178597e-05
72 1.692807e-05
73 1.243839e-05
74 1.152783e-05
75 7.466150e-06
76 9.197577e-06
77 4.747978e-06
78 1.221156e-06
79 3.254444e-06
80 3.127935e-06
81 8.496552e-07
82 2.643490e-06
83 1.298437e-06
84 7.881842e-07
85 3.415313e-07
86 2.365645e-07
87 3.660211e-07
88 6.084205e-09
89 -1.838701e-08
90 3.320153e-04
91 7.071583e-06
92 6.277831e-05
93 -1.694641e-05
94 2.525210e-05
95 9.159907e-05
96 6.182450e-05
97 3.928678e-05
98 2.604848e-05
99 -2.477862e-06
100 2.091552e-05
101 2.594496e-05
102 1.010900e-05
103 1.703375e-05
104 3.115389e-06
105 5.114389e-06
106 1.048540e-05
107 6.805019e-06
108 4.748710e-06
109 1.977165e-06
110 3.256983e-06
111 2.608229e-06
112 1.894189e-06
113 1.296131e-06
114 1.605704e-06
115 1.104126e-06
116 3.773919e-07
117 -1.732224e-08
118 -5.302748e-07
119 2.226882e-07
120 1.461109e-04
121 1.443207e-05
122 1.324149e-04
123 2.162574e-05
124 5.133578e-05
125 3.406595e-05
126 1.471468e-05
127 5.575939e-06
128 6.066881e-05
129 3.028775e-05
130 2.948238e-05
131 1.952365e-05
132 3.210981e-06
133 6.012058e-06
134 8.020487e-06
135 3.215718e-06
136 1.755577e-05
137 6.990162e-06
138 6.602589e-06
139 2.809909e-06
140 2.406298e-06
141 4.439867e-06
142 1.322069e-06
143 1.415181e-06
144 2.136120e-06
145 1.775268e-06
146 5.260213e-07
147 2.432803e-07
148 -2.816055e-07
149 2.768468e-07
150 2.737883e-04
151 9.864415e-05
152 1.764878e-04
153 1.419842e-04
154 5.179979e-05
155 7.235562e-05
156 9.307412e-05
157 2.911910e-05
158 4.158191e-05
159 3.003775e-05
160 4.617043e-05
161 3.297199e-05
162 1.332775e-05
163 1.342846e-05
164 8.293073e-06
165 8.805842e-06
166 7.462855e-06
167 4.768816e-06
168 6.180833e-06
169 3.750221e-06
170 5.378511e-06
171 4.016853e-06
172 2.645193e-06
173 2.289243e-06
174 2.112322e-06
175 1.432519e-06
176 8.626135e-07
177 9.386154e-07
178 3.532298e-07
179 -1.307130e-08
180 1.204569e-04
181 8.600876e-06
182 6.398939e-05
183 2.521135e-04
184 1.129784e-04
185 1.549847e-04
186 9.490773e-05
187 2.173497e-05
188 2.338054e-05
189 5.048833e-05
190 3.328364e-05
191 1.200934e-05
192 2.483338e-05
193 2.736935e-05
194 1.372589e-05
195 1.487787e-05
196 8.943943e-06
197 7.817903e-06
198 6.349148e-06
199 6.945500e-06
200 1.671633e-06
201 5.546601e-06
202 2.648950e-06
203 3.154091e-06
204 1.359430e-06
205 1.584861e-06
206 8.176642e-07
207 1.084117e-06
208 6.517253e-08
209 2.645758e-07
210 3.526937e-04
211 1.803621e-04
212 1.532158e-04
213 1.675462e-04
214 1.118899e-04
215 5.741399e-05
216 1.115677e-04
217 1.149706e-04
218 4.496141e-05
219 8.816045e-05
220 6.356098e-05
221 3.336501e-05
222 4.099988e-05
223 2.713546e-05
224 2.470239e-05
225 2.167974e-05
226 1.287017e-05
227 1.580010e-05
228 6.530595e-06
229 9.595348e-06
230 6.438415e-06
231 5.754066e-06
232 5.777648e-06
233 3.973381e-06
234 3.628918e-06
235 1.860010e-06
236 1.312337e-06
237 8.193417e-07
238 2.442347e-07
239 -4.738583e-07
240 1.798382e-04
241 1.855327e-04
242 2.249003e-04
243 7.951406e-05
244 1.673607e-04
245 1.618601e-04
246 1.387011e-04
247 8.308541e-05
248 6.236916e-05
249 7.284200e-05
250 6.067405e-05
251 4.450427e-05
252 3.980676e-05
253 2.847353e-05
254 2.536954e-05
255 2.615685e-05
256 1.865743e-05
257 1.340988e-05
258 1.306345e-05
259 1.224390e-05
260 8.403765e-06
261 7.699772e-06
262 5.244535e-06
263 4.221501e-06
264 3.225190e-06
265 2.009226e-06
266 1.202754e-06
267 1.710569e-06
268 -1.780350e-07
269 1.927293e-07
270 3.881405e-04
271 1.452378e-04
272 3.783818e-04
273 3.149747e-04
274 3.344646e-04
275 1.788772e-04
276 2.019759e-04
277 2.442143e-04
278 1.286890e-04
279 1.216964e-04
280 7.035616e-05
281 6.072507e-05
282 5.605024e-05
283 2.861163e-05
284 4.025301e-05
285 2.685494e-05
286 2.438611e-05
287 1.706100e-05
288 9.012256e-06
289 1.856817e-05
290 1.786620e-05
291 9.336972e-06
292 4.290266e-06
293 6.045578e-06
294 2.952976e-06
295 2.073490e-06
296 1.439156e-06
297 4.724756e-07
298 -7.578808e-07
299 1.153849e-06
300 -3.684033e-05
301 1.286336e-04
302 -8.556982e-05
303 1.517545e-05
304 -1.842773e-06
305 -1.626749e-05
306 -5.171602e-05
307 -4.614982e-05
308 -7.372844e-06
309 -1.395423e-05
310 1.756451e-05
311 6.394283e-06
312 -3.102867e-06
313 -2.060882e-06
314 -2.736837e-06
315 3.377262e-06
316 7.356087e-06
317 7.520722e-06
318 3.491180e-08
319 1.207768e-06
320 2.379861e-06
321 6.515627e-08
322 2.172712e-06
323 7.371027e-07
324 3.490890e-07
325 6.037273e-08
326 5.510431e-07
327 1.370269e-07
328 3.211039e-07
329 5.782730e-07
330 -5.158086e-06
331 -2.175260e-05
332 6.081411e-05
333 5.406210e-05
334 3.328384e-05
335 1.176137e-05
336 -3.200882e-05
337 -1.671058e-05
338 1.872101e-05
339 7.859053e-06
340 9.510744e-06
341 -5.504007e-07
342 1.901348e-06
343 3.484101e-06
344 -2.302149e-06
345 2.324826e-06
346 2.381038e-06
347 2.489506e-06
348 4.906401e-06
349 2.372026e-06
350 6.484577e-07
351 1.470621e-06
352 1.494411e-06
353 8.353369e-07
354 5.134933e-07
355 3.754537e-07
356 7.463445e-07
357 4.591156e-07
358 3.675031e-07
359 4.507932e-07
360 2.824921e-05
361 4.460377e-05
362 -1.975329e-05
363 5.414616e-05
364 -1.639081e-05
365 2.903420e-05
366 -6.972908e-07
367 -1.068342e-05
368 -5.184354e-06
369 -1.170981e-05
370 -1.376516e-05
371 5.718219e-06
372 1.743646e-05
373 1.116268e-05
374 -3.739243e-06
375 3.219128e-06
376 4.463997e-06
377 6.383769e-07
378 6.378087e-06
379 1.414031e-06
380 1.549291e-06
381 1.899560e-06
382 1.538464e-06
383 1.508135e-06
384 6.930407e-07
385 9.258321e-07
386 4.865404e-07
387 3.191261e-07
388 1.163360e-07
389 1.713180e-07
390 1.969605e-04
391 5.641890e-05
392 -6.984329e-05
393 3.163617e-05
394 7.314037e-05
395 2.358453e-05
396 2.510391e-05
397 3.408574e-05
398 1.823527e-05
399 -2.769445e-05
400 2.065149e-05
401 -1.620308e-07
402 2.516108e-05
403 -6.009133e-06
404 4.921485e-06
405 -3.677324e-06
406 1.039706e-06
407 6.107452e-06
408 3.344156e-06
409 2.960294e-06
410 2.430624e-06
411 2.561468e-06
412 2.339095e-06
413 1.868104e-06
414 8.345152e-07
415 1.694962e-06
416 5.614625e-07
417 4.500448e-07
418 5.274401e-07
419 4.198007e-07
420 5.466543e-05
421 -1.597895e-04
422 -3.865422e-05
423 -2.946895e-05
424 9.884456e-05
425 -1.159118e-05
426 -2.460632e-05
427 -7.179602e-06
428 4.595638e-06
429 1.463770e-06
430 2.393034e-05
431 2.078953e-05
432 7.106790e-06
433 -6.265184e-06
434 2.540261e-06
435 -3.347241e-06
436 2.336565e-06
437 1.133279e-06
438 2.272758e-06
439 4.515524e-06
440 6.437597e-06
441 -8.216319e-08
442 -1.318015e-07
443 1.225242e-06
444 7.292127e-07
445 2.371546e-07
446 1.098981e-06
447 5.706478e-07
448 3.141124e-07
449 4.913623e-07
450 3.610899e-05
451 -7.815282e-05
452 8.909765e-06
453 -8.623573e-05
454 4.868556e-05
455 -3.910151e-05
456 -9.780330e-06
457 -1.047602e-05
458 2.776466e-05
459 -4.037571e-06
460 7.697505e-06
461 5.237027e-06
462 1.396471e-05
463 1.819681e-06
464 8.537596e-06
465 1.043433e-05
466 3.725998e-06
467 8.209677e-06
468 4.705209e-06
469 3.922986e-06
470 7.523450e-07
471 1.410055e-06
472 1.647083e-06
473 1.855160e-06
474 1.147820e-06
475 1.198637e-06
476 7.960376e-07
477 9.508020e-07
478 5.611984e-07
479 5.481757e-07
480 -9.873318e-06
481 -1.329685e-04
482 -8.682499e-05
483 -1.772045e-05
484 -3.235911e-05
485 9.619051e-06
486 3.114369e-05
487 4.478618e-06
488 2.287987e-05
489 2.085084e-06
490 1.264698e-05
491 4.884664e-06
492 4.646886e-06
493 1.219811e-05
494 -1.164214e-06
495 -3.341000e-06
496 1.251897e-06
497 1.471442e-06
498 6.761345e-06
499 3.162629e-06
500 5.287213e-06
501 1.998260e-06
502 7.864302e-07
503 8.328662e-07
504 3.122539e-06
505 5.233919e-07
506 9.398939e-07
507 3.628173e-07
508 1.002621e-07
509 1.034573e-06
510 -1.395247e-04
511 4.618384e-05
512 7.113078e-05
513 -5.364643e-05
514 -1.573274e-05
515 3.001416e-05
516 4.326293e-06
517 4.953682e-06
518 6.178718e-05
519 4.934323e-05
520 -1.370265e-05
521 5.096159e-06
522 2.060662e-05
523 3.548315e-06
524 1.268169e-05
525 1.085798e-05
526 6.161313e-06
527 8.071073e-06
528 5.249288e-06
529 5.789363e-06
530 4.574299e-06
531 3.804591e-06
532 2.170798e-06
533 3.964297e-06
534 8.713294e-07
535 1.089629e-06
536 1.316099e-06
537 1.056712e-06
538 1.269944e-06
539 7.657715e-07
540 -1.710431e-05
541 8.062587e-05
542 -2.385231e-05
543 3.801701e-05
544 2.046288e-05
545 -9.602366e-06
546 9.819713e-06
547 1.447480e-05
548 3.288826e-05
549 1.035740e-05
550 1.107289e-05
551 1.482839e-05
552 2.338430e-05
553 1.163191e-05
554 1.306190e-05
555 1.122542e-05
556 6.004252e-06
557 7.313747e-06
558 4.801022e-06
559 5.535139e-06
560 4.937662e-06
561 1.627981e-06
562 3.859054e-06
563 4.760917e-06
564 2.560511e-06
565 2.714167e-06
566 2.021464e-06
567 1.955875e-06
568 1.449228e-06
569 1.299517e-06
570 4.171999e-04
571 -1.147346e-04
572 -1.685287e-04
573 1.685092e-04
574 2.593899e-05
575 1.131871e-04
576 7.837071e-05
577 -3.582364e-06
578 5.026929e-06
579 -5.607979e-05
580 2.632697e-05
581 5.855524e-05
582 2.016987e-05
583 7.681572e-06
584 1.105942e-05
585 1.618405e-05
586 2.119394e-05
587 1.436828e-05
588 1.058021e-05
589 4.101299e-06
590 8.495175e-06
591 1.674544e-07
592 2.811109e-06
593 5.157858e-06
594 5.194785e-06
595 1.976809e-06
596 1.990823e-06
597 2.408078e-06
598 1.877594e-06
599 2.281309e-06
600 1.115349e-03
601 1.186736e-03
602 7.567944e-04
603 5.658163e-04
604 5.323792e-04
605 5.192144e-04
606 4.184041e-04
607 2.348730e-04
608 1.942769e-04
609 1.702573e-04
610 1.664331e-04
611 1.118470e-04
612 6.415675e-05
613 5.851604e-05
614 5.446451e-05
615 4.220310e-05
616 2.865807e-05
617 5.098486e-05
618 3.592872e-05
619 1.124696e-05
620 2.063120e-03
621 1.067879e-03
622 1.407583e-03
623 1.187153e-03
624 8.826571e-04
625 7.383120e-04
626 4.128357e-04
627 3.472306e-04
628 3.548569e-04
629 2.737105e-04
630 1.366665e-04
631 2.025255e-04
632 1.544928e-04
633 9.942554e-05
634 1.138479e-04
635 7.653121e-05
636 8.001489e-05
637 5.336104e-05
638 4.904272e-05
639 4.648624e-05
640 2.778071e-03
641 2.019239e-03
642 1.909054e-03
643 1.669116e-03
644 1.326911e-03
645 9.483227e-04
646 6.749274e-04
647 5.681017e-04
648 4.984483e-04
649 3.785735e-04
650 3.322098e-04
651 2.631033e-04
652 1.826290e-04
653 1.746237e-04
654 1.887052e-04
655 1.359252e-04
656 1.164399e-04
657 1.080240e-04
658 8.973721e-05
659 8.400067e-05
660 2.116199e-03
661 2.690807e-03
662 2.061394e-03
663 1.705185e-03
664 1.480209e-03
665 1.122918e-03
666 7.939307e-04
667 7.599823e-04
668 5.550327e-04
669 2.808275e-04
670 3.154900e-04
671 3.244373e-04
672 2.759681e-04
673 1.682265e-04
674 1.934454e-04
675 1.532897e-04
676 1.125248e-04
677 1.159556e-04
678 7.997140e-05
679 5.587540e-05
680 5.441966e-04
681 5.059677e-04
682 5.327351e-04
683 2.829026e-04
684 2.652069e-04
685 1.555387e-04
686 1.104694e-04
687 7.081405e-05
688 8.628347e-05
689 9.708582e-05
690 5.308540e-05
691 6.152823e-05
692 4.851532e-05
693 5.232131e-06
694 5.945618e-06
695 2.514132e-05
696 2.036176e-05
697 2.121719e-05
698 1.394153e-05
699 2.515910e-05
700 1.041363e-03
701 8.861927e-04
702 4.625753e-04
703 6.098554e-04
704 4.191346e-04
705 4.384237e-04
706 3.038917e-04
707 1.748137e-04
708 1.857319e-04
709 1.518823e-04
710 1.387295e-04
711 4.965894e-05
712 7.542126e-05
713 5.271132e-05
714 5.339646e-05
715 3.843301e-05
716 2.663485e-05
717 2.691581e-05
718 3.480376e-05
719 3.549180e-05
720 1.998549e-03
721 1.649299e-03
722 1.477966e-03
723 1.065209e-03
724 7.578715e-04
725 6.616467e-04
726 4.658833e-04
727 4.312904e-04
728 4.320417e-04
729 2.849266e-04
730 2.513028e-04
731 1.842140e-04
732 1.754831e-04
733 1.608918e-04
734 1.347588e-04
735 1.150801e-04
736 1.180963e-04
737 8.249404e-05
738 7.483051e-05
739 6.598593e-05
740 2.425822e-03
741 2.069397e-03
742 1.260281e-03
743 1.447092e-03
744 1.119750e-03
745 9.577199e-04
746 6.485415e-04
747 5.798772e-04
748 3.754473e-04
749 3.645303e-04
750 2.110356e-04
751 2.467605e-04
752 2.250733e-04
753 1.615774e-04
754 1.741032e-04
755 1.686074e-04
756 1.296404e-04
757 1.030301e-04
758 9.126105e-05
759 6.172049e-05
760 1.591185e-04
761 2.026343e-04
762 1.640777e-04
763 -5.660673e-05
764 -1.007325e-05
765 1.214768e-05
766 7.251639e-05
767 3.073888e-05
768 5.701752e-05
769 4.914979e-05
770 2.931144e-05
771 2.543751e-05
772 3.049107e-05
773 1.969327e-05
774 3.572936e-05
775 2.809341e-05
776 1.740769e-05
777 1.367404e-05
778 4.657274e-06
779 7.329053e-06
780 2.807052e-04
781 3.438855e-04
782 1.270411e-04
783 1.722857e-04
784 2.466273e-05
785 8.458687e-05
786 3.763554e-05
787 7.526320e-05
788 4.523751e-05
789 1.779837e-05
790 -3.056540e-05
791 1.483975e-06
792 6.534859e-06
793 1.025645e-05
794 -2.229610e-06
795 4.072799e-06
796 6.551170e-06
797 -1.374626e-05
798 -1.096847e-05
799 -1.588793e-05
800 1.129827e-03
801 1.156685e-03
802 7.666425e-04
803 4.894271e-04
804 4.089840e-04
805 1.852530e-04
806 1.959103e-04
807 2.304729e-04
808 1.690719e-04
809 1.361327e-04
810 1.294132e-04
811 1.209039e-04
812 1.095109e-04
813 8.395083e-05
814 7.877346e-05
815 6.018863e-05
816 5.778374e-05
817 4.377879e-05
818 3.264642e-05
819 2.148225e-05
820 1.913282e-03
821 1.286393e-03
822 1.487983e-03
823 9.496667e-04
824 5.900802e-04
825 4.564637e-04
826 5.919745e-04
827 3.920517e-04
828 2.862108e-04
829 2.204495e-04
830 2.252044e-04
831 1.370857e-04
832 1.430970e-04
833 1.327895e-04
834 1.074603e-04
835 9.189583e-05
836 8.449442e-05
837 8.482780e-05
838 4.703491e-05
839 2.361537e-05
840 -2.575847e-04
841 3.042727e-05
842 9.373167e-05
843 -8.960308e-05
844 6.415358e-05
845 1.051309e-04
846 1.315706e-05
847 6.187814e-05
848 9.084885e-06
849 7.029625e-06
850 3.582005e-05
851 4.297712e-05
852 7.714397e-06
853 1.485877e-07
854 1.109213e-05
855 -3.282032e-06
856 -6.548715e-06
857 1.192757e-05
858 4.811358e-06
859 -3.984770e-06
860 2.756459e-04
861 1.373101e-04
862 -2.302787e-04
863 2.328320e-05
864 7.616341e-05
865 3.920617e-05
866 2.394105e-05
867 6.736830e-05
868 4.244825e-06
869 -6.941520e-06
870 3.278649e-05
871 4.718759e-05
872 1.343501e-05
873 -1.998221e-06
874 6.139406e-07
875 6.632102e-06
876 3.591468e-05
877 6.297198e-06
878 8.899569e-06
879 1.100488e-05
880 3.643858e-04
881 5.193131e-04
882 2.379667e-04
883 1.642113e-04
884 8.569312e-05
885 7.894556e-05
886 6.422024e-05
887 1.226654e-04
888 1.048778e-04
889 8.165873e-05
890 5.848224e-05
891 4.694899e-05
892 3.781996e-05
893 2.339483e-05
894 2.182735e-05
895 4.814946e-05
896 4.740497e-05
897 3.205764e-05
898 3.134630e-05
899 1.766001e-05
900 1.359661e-03
901 1.272962e-03
902 8.018892e-04
903 5.863568e-04
904 2.435504e-04
905 2.880296e-04
906 2.507665e-04
907 3.346460e-04
908 2.545273e-04
909 2.385093e-04
910 1.850614e-04
911 1.405283e-04
912 9.942606e-05
913 1.213681e-04
914 8.717948e-05
915 1.038582e-04
916 7.274420e-05
917 5.823552e-05
918 5.977064e-05
919 3.144802e-05
920 1.899673e-04
921 -4.395123e-04
922 -1.729236e-04
923 -1.089407e-04
924 -2.606685e-05
925 -1.533370e-05
926 -1.666546e-04
927 -2.664055e-05
928 -1.743507e-05
929 -5.215193e-05
930 7.298987e-05
931 2.820254e-05
932 4.734139e-05
933 1.497809e-06
934 1.497577e-05
935 1.155398e-05
936 1.681622e-05
937 1.429106e-05
938 7.823243e-06
939 -7.632891e-07
940 -2.255950e-04
941 -2.558157e-04
942 -2.542845e-04
943 -1.021073e-04
944 -4.730367e-05
945 1.611813e-05
946 -5.638538e-05
947 9.861505e-06
948 7.986605e-06
949 -1.280137e-05
950 -2.286344e-05
951 6.572215e-05
952 1.239484e-06
953 -3.739734e-05
954 -1.987910e-05
955 1.239705e-06
956 -2.409730e-06
957 -3.877488e-06
958 -1.957476e-06
959 -2.746046e-06
960 2.776375e-04
961 5.246620e-05
962 1.092843e-04
963 -2.152495e-04
964 -1.883255e-04
965 1.147673e-04
966 -2.898372e-05
967 6.719020e-05
968 5.030081e-05
969 -8.065219e-06
970 6.913240e-05
971 6.800040e-05
972 1.520064e-05
973 -1.102747e-06
974 1.568029e-06
975 2.543149e-05
976 1.311034e-06
977 2.804574e-08
978 1.155601e-05
979 1.113267e-05
980 1.015467e-05
981 5.836306e-04
982 1.097928e-03
983 5.121880e-04
984 4.911369e-04
985 2.308876e-04
986 1.515820e-04
987 1.256547e-04
988 9.601157e-05
989 1.674419e-05
990 1.095812e-04
991 4.677882e-05
992 9.631172e-05
993 6.491903e-05
994 5.965002e-05
995 3.040895e-05
996 2.441116e-05
997 6.399734e-07
998 1.745959e-05
999 -2.630426e-06
1000 5.748763e-01
1001 4.220256e-01
1002 3.243485e-01
1003 2.529017e-01
1004 1.984279e-01
1005 1.695158e-01
1006 1.352840e-01
1007 1.087514e-01
1008 8.981736e-02
1009 7.176302e-02
1010 5.587218e-02
1011 4.514246e-02
1012 4.188949e-02
1013 3.201700e-02
1014 2.218017e-02
1015 1.985237e-02
1016 1.659972e-02
1017 1.203383e-02
1018 7.729101e-03
1019 6.099985e-03
1020 3.569400e-01
1021 2.885213e-01
1022 2.269866e-01
1023 1.766733e-01
1024 1.493352e-01
1025 1.243995e-01
1026 1.034124e-01
1027 8.693799e-02
1028 7.221542e-02
1029 6.060231e-02
1030 4.977724e-02
1031 4.166050e-02
1032 3.360752e-02
1033 2.597456e-02
1034 1.862479e-02
1035 1.349982e-02
1036 1.014212e-02
1037 6.931125e-03
1038 3.706995e-03
1039 1.123646e-03
1040 2.212739e-01
1041 1.898279e-01
1042 1.620153e-01
1043 1.310592e-01
1044 1.081369e-01
1045 8.993794e-02
1046 7.749630e-02
1047 6.407074e-02
1048 5.370786e-02
1049 4.423527e-02
1050 3.604212e-02
1051 2.856996e-02
1052 2.050341e-02
1053 1.527398e-02
1054 1.144853e-02
1055 8.031086e-03
1056 4.367563e-03
1057 1.775619e-03
1058 2.092196e-03
1059 1.678123e-03
1060 2.624334e-01
1061 2.060285e-01
1062 1.756892e-01
1063 1.546094e-01
1064 1.212585e-01
1065 1.056256e-01
1066 8.284641e-02
1067 6.835412e-02
1068 5.762683e-02
1069 4.525296e-02
1070 3.695702e-02
1071 2.822137e-02
1072 2.034065e-02
1073 1.462782e-02
1074 1.053943e-02
1075 7.452386e-03
1076 4.849112e-03
1077 3.160846e-03
1078 5.327631e-04
1079 -8.392618e-04
1080 1.980606e-01
1081 2.094739e-01
1082 1.820125e-01
1083 1.402893e-01
1084 9.971040e-02
1085 1.028621e-01
1086 7.970961e-02
1087 6.449529e-02
1088 5.468634e-02
1089 3.893423e-02
1090 3.200040e-02
1091 2.118885e-02
1092 1.683397e-02
1093 1.360963e-02
1094 6.273291e-03
1095 2.771417e-03
1096 -1.449828e-03
1097 2.138088e-04
1098 1.512660e-03
1099 -8.076400e-04
1100 1.842267e-03
1101 2.063935e-03
1102 2.341290e-03
1103 1.934527e-03
1104 2.693001e-03
1105 1.375344e-03
1106 1.035696e-03
1107 1.038257e-03
1108 5.260531e-04
1109 7.240889e-04
1110 9.824331e-04
1111 8.663062e-04
1112 5.045785e-04
1113 2.175068e-04
1114 2.099222e-04
1115 2.512988e-04
1116 7.401725e-05
1117 1.998583e-04
1118 1.917374e-04
1119 5.418862e-05
1120 5.178470e-03
1121 6.122117e-03
1122 3.790936e-03
1123 3.491847e-03
1124 3.725426e-03
1125 2.164370e-03
1126 2.112161e-03
1127 1.969842e-03
1128 1.284691e-03
1129 7.940910e-04
1130 5.755874e-04
1131 4.403324e-04
1132 2.586577e-04
1133 5.570875e-05
1134 2.614664e-04
1135 2.403171e-04
1136 6.975409e-05
1137 9.917536e-05
1138 2.553548e-05
1139 1.032364e-05
1140 3.235553e-03
1141 4.475716e-03
1142 3.335064e-03
1143 3.899137e-03
1144 3.044469e-03
1145 2.609472e-03
1146 1.637225e-03
1147 1.147217e-03
1148 9.430859e-04
1149 5.831785e-04
1150 2.628116e-04
1151 4.961585e-04
1152 2.627401e-04
1153 2.014212e-04
1154 6.990037e-05
1155 9.782257e-05
1156 3.655625e-05
1157 5.990854e-05
1158 -1.373043e-05
1159 2.442935e-05
1160 1.019478e-03
1161 3.574340e-03
1162 2.362025e-03
1163 3.671722e-03
1164 3.272146e-03
1165 2.944665e-03
1166 2.543059e-03
1167 1.646253e-03
1168 1.395650e-03
1169 1.396709e-03
1170 6.242239e-04
1171 4.546769e-04
1172 2.371325e-04
1173 2.734819e-04
1174 3.959851e-04
1175 8.954643e-05
1176 6.168690e-05
1177 1.438926e-04
1178 -6.844753e-05
1179 -8.914051e-06
1180 5.732205e-03
1181 6.760876e-03
1182 3.664501e-03
1183 3.504701e-03
1184 3.570685e-03
1185 1.822385e-03
1186 2.191003e-03
1187 1.449509e-03
1188 9.890398e-04
1189 9.223792e-04
1190 3.837488e-04
1191 7.651990e-04
1192 3.723975e-04
1193 1.329784e-04
1194 2.830139e-04
1195 2.735801e-05
1196 2.133764e-04
1197 4.152787e-05
1198 -7.021976e-05
1199 4.961758e-05
1200 -1.814221e-05
1201 1.667550e-05
1202 4.329564e-05
1203 -1.163621e-06
1204 2.777005e-05
1205 1.404316e-05
1206 -2.873712e-06
1207 -9.899090e-07
1208 1.199396e-06
1209 -4.787706e-06
1210 9.974852e-06
1211 5.147675e-06
1212 2.090320e-06
1213 9.982252e-06
1214 -2.440180e-06
1215 3.916516e-06
1216 2.780326e-07
1217 2.442700e-06
1218 -1.447840e-07
1219 1.675370e-06
1220 -2.510385e-05
1221 2.343297e-05
1222 4.167320e-05
1223 1.695730e-06
1224 -8.403159e-06
1225 2.516331e-05
1226 1.194798e-05
1227 4.425431e-06
1228 1.918501e-05
1229 8.752713e-06
1230 6.687679e-06
1231 2.447494e-06
1232 -5.793294e-06
1233 2.310047e-06
1234 6.589630e-06
1235 1.085129e-06
1236 5.045544e-06
1237 2.634998e-06
1238 8.563614e-07
1239 1.409330e-06
1240 -1.984255e-05
1241 -2.570185e-05
1242 5.155234e-05
1243 2.356396e-05
1244 3.434098e-05
1245 1.834402e-05
1246 4.261256e-05
1247 4.480959e-05
1248 3.142138e-05
1249 2.483744e-05
1250 2.422810e-05
1251 9.471997e-06
1252 7.579127e-06
1253 1.126447e-05
1254 1.107974e-06
1255 7.424484e-06
1256 3.063612e-06
1257 3.694730e-06
1258 2.188390e-06
1259 3.082996e-06
1260 9.495621e-05
1261 2.966249e-05
1262 -2.420143e-06
1263 4.215560e-06
1264 -1.593864e-06
1265 2.380442e-05
1266 1.279647e-05
1267 3.594013e-05
1268 1.194805e-05
1269 1.628541e-05
1270 3.311984e-05
1271 2.497335e-05
1272 8.312446e-06
1273 4.899674e-06
1274 1.396940e-05
1275 4.403909e-06
1276 6.027051e-06
1277 4.786302e-06
1278 5.359640e-06
1279 1.922655e-07
1280 2.097327e-07
1281 2.334518e-07
1282 2.246553e-07
1283 1.829506e-07
1284 1.369420e-07
1285 9.639977e-08
1286 7.296349e-08
1287 6.597345e-08
1288 4.429646e-08
1289 3.179292e-08
1290 2.054602e-08
1291 8.623672e-09
1292 1.137257e-08
1293 5.670575e-09
