0 1.673819e-04
1 1.391870e-04
2 8.025824e-05
3 2.793025e-06
4 6.542531e-05
5 7.736538e-05
6 -3.618245e-06
7 1.815785e-05
8 1.609938e-05
9 2.755260e-05
10 1.086276e-05
11 1.659126e-05
12 7.164338e-06
13 5.507511e-06
14 -1.140589e-06
15 9.518020e-06
16 4.078365e-06
17 1.834129e-06
18 4.815655e-06
19 2.386402e-06
20 1.028771e-06
21 2.228189e-07
22 6.420630e-08
23 1.059023e-06
24 1.244579e-06
25 2.806640e-07
26 1.340045e-08
27 1.446063e-07
28 -7.403344e-08
29 -9.682242e-08
30 6.386993e-05
31 -2.827023e-06
32 -2.441911e-05
33 7.644220e-05
34 6.094975e-05
35 5.658359e-05
36 1.128214e-05
37 2.061952e-05
38 1.817947e-05
39 4.501105e-05
40 1.434198e-05
41 1.056610e-05
42 1.623247e-05
43 7.274909e-06
44 1.058348e-05
45 5.879064e-06
46 6.446523e-06
47 5.135206e-06
48 4.445243e-06
49 5.306835e-06
50 2.145257e-06
51 -3.648054e-07
52 8.950431e-07
53 5.255387e-07
54 4.635297e-07
55 5.063577e-07
56 2.406214e-07
57 -3.922678e-08
58 -2.571551e-08
59 -2.565913e-07
60 -5.354216e-05
61 -1.363030e-05
62 8.622262e-05
63 -4.812706e-06
64 7.426035e-05
65 8.783138e-05
66 4.734930e-05
67 6.083812e-05
68 4.920059e-05
69 1.903160e-05
70 2.768556e-05
71 2.178597e-05
72 1.692807e-05
73 1.243839e-05
74 1.152783e-05
75 7.466150e-06
76 9.197577e-06
77 4.747978e-06
78 1.221156e-06
79 3.254444e-06
80 3.127935e-06
81 8.496552e-07
82 2.643490e-06
83 1.298437e-06
84 7.881842e-07
85 3.415313e-07
86 2.365645e-07
87 3.660211e-07
88 6.084205e-09
89 -1.838701e-08
90 3.320153e-04
91 7.071583e-06
92 6.277831e-05
93 -1.694641e-05
94 2.525210e-05
95 9.159907e-05
96 6.182450e-05
97 3.928678e-05
98 2.604848e-05
99 -2.477862e-06
100 2.091552e-05
101 2.594496e-05
102 1.010900e-05
103 1.703375e-05
104 3.115389e-06
105 5.114389e-06
106 1.048540e-05
107 6.805019e-06
108 4.748710e-06
109 1.977165e-06
110 3.256983e-06
111 2.608229e-06
112 1.894189e-06
113 1.296131e-06
114 1.605704e-06
115 1.104126e-06
116 3.773919e-07
117 -1.732224e-08
118 -5.302748e-07
119 2.226882e-07
120 1.461109e-04
121 1.443207e-05
122 1.324149e-04
123 2.162574e-05
124 5.133578e-05
125 3.406595e-05
126 1.471468e-05
127 5.575939e-06
128 6.066881e-05
129 3.028775e-05
130 2.948238e-05
131 1.952365e-05
132 3.210981e-06
133 6.012058e-06
134 8.020487e-06
135 3.215718e-06
136 1.755577e-05
137 6.990162e-06
138 6.602589e-06
139 2.809909e-06
140 2.406298e-06
141 4.439867e-06
142 1.322069e-06
143 1.415181e-06
144 2.136120e-06
145 1.775268e-06
146 5.260213e-07
147 2.432803e-07
148 -2.816055e-07
149 2.768468e-07
150 2.737883e-04
151 9.864415e-05
152 1.764878e-04
153 1.419842e-04
154 5.179979e-05
155 7.235562e-05
156 9.307412e-05
157 2.911910e-05
158 4.158191e-05
159 3.003775e-05
160 4.617043e-05
161 3.297199e-05
162 1.332775e-05
163 1.342846e-05
164 8.293073e-06
165 8.805842e-06
166 7.462855e-06
167 4.768816e-06
168 6.180833e-06
169 3.750221e-06
170 5.378511e-06
171 4.016853e-06
172 2.645193e-06
173 2.289243e-06
174 2.112322e-06
175 1.432519e-06
176 8.626135e-07
177 9.386154e-07
178 3.532298e-07
179 -1.307130e-08
180 1.204569e-04
181 8.600876e-06
182 6.398939e-05
183 2.521135e-04
184 1.129784e-04
185 1.549847e-04
186 9.490773e-05
187 2.173497e-05
188 2.338054e-05
189 5.048833e-05
190 3.328364e-05
191 1.200934e-05
192 2.483338e-05
193 2.736935e-05
194 1.372589e-05
195 1.487787e-05
196 8.943943e-06
197 7.817903e-06
198 6.349148e-06
199 6.945500e-06
200 1.671633e-06
201 5.546601e-06
202 2.648950e-06
203 3.154091e-06
204 1.359430e-06
205 1.584861e-06
206 8.176642e-07
207 1.084117e-06
208 6.517253e-08
209 2.645758e-07
210 3.526937e-04
211 1.803621e-04
212 1.532158e-04
213 1.675462e-04
214 1.118899e-04
215 5.741399e-05
216 1.115677e-04
217 1.149706e-04
218 4.496141e-05
219 8.816045e-05
220 6.356098e-05
221 3.336501e-05
222 4.099988e-05
223 2.713546e-05
224 2.470239e-05
225 2.167974e-05
226 1.287017e-05
227 1.580010e-05
228 6.530595e-06
229 9.595348e-06
230 6.438415e-06
231 5.754066e-06
232 5.777648e-06
233 3.973381e-06
234 3.628918e-06
235 1.860010e-06
236 1.312337e-06
237 8.193417e-07
238 2.442347e-07
239 -4.738583e-07
240 1.798382e-04
241 1.855327e-04
242 2.249003e-04
243 7.951406e-05
244 1.673607e-04
245 1.618601e-04
246 1.387011e-04
247 8.308541e-05
248 6.236916e-05
249 7.284200e-05
250 6.067405e-05
251 4.450427e-05
252 3.980676e-05
253 2.847353e-05
254 2.536954e-05
255 2.615685e-05
256 1.865743e-05
257 1.340988e-05
258 1.306345e-05
259 1.224390e-05
260 8.403765e-06
261 7.699772e-06
262 5.244535e-06
263 4.221501e-06
264 3.225190e-06
265 2.009226e-06
266 1.202754e-06
267 1.710569e-06
268 -1.780350e-07
269 1.927293e-07
270 3.881405e-04
271 1.452378e-04
272 3.783818e-04
273 3.149747e-04
274 3.344646e-04
275 1.788772e-04
276 2.019759e-04
277 2.442143e-04
278 1.286890e-04
279 1.216964e-04
280 7.035616e-05
281 6.072507e-05
282 5.605024e-05
283 2.861163e-05
284 4.025301e-05
285 2.685494e-05
286 2.438611e-05
287 1.706100e-05
288 9.012256e-06
289 1.856817e-05
290 1.786620e-05
291 9.336972e-06
292 4.290266e-06
293 6.045578e-06
294 2.952976e-06
295 2.073490e-06
296 1.439156e-06
297 4.724756e-07
298 -7.578808e-07
299 1.153849e-06
300 -3.684033e-05
301 1.286336e-04
302 -8.556982e-05
303 1.517545e-05
304 -1.842773e-06
305 -1.626749e-05
306 -5.171602e-05
307 -4.614982e-05
308 -7.372844e-06
309 -1.395423e-05
310 1.756451e-05
311 6.394283e-06
312 -3.102867e-06
313 -2.060882e-06
314 -2.736837e-06
315 3.377262e-06
316 7.356087e-06
317 7.520722e-06
318 3.491180e-08
319 1.207768e-06
320 2.379861e-06
321 6.515627e-08
322 2.172712e-06
323 7.371027e-07
324 3.490890e-07
325 6.037273e-08
326 5.510431e-07
327 1.370269e-07
328 3.211039e-07
329 5.782730e-07
330 -5.158086e-06
331 -2.175260e-05
332 6.081411e-05
333 5.406210e-05
334 3.328384e-05
335 1.176137e-05
336 -3.200882e-05
337 -1.671058e-05
338 1.872101e-05
339 7.859053e-06
340 9.510744e-06
341 -5.504007e-07
342 1.901348e-06
343 3.484101e-06
344 -2.302149e-06
345 2.324826e-06
346 2.381038e-06
347 2.489506e-06
348 4.906401e-06
349 2.372026e-06
350 6.484577e-07
351 1.470621e-06
352 1.494411e-06
353 8.353369e-07
354 5.134933e-07
355 3.754537e-07
356 7.463445e-07
357 4.591156e-07
358 3.675031e-07
359 4.507932e-07
360 2.824921e-05
361 4.460377e-05
362 -1.975329e-05
363 5.414616e-05
364 -1.639081e-05
365 2.903420e-05
366 -6.972908e-07
367 -1.068342e-05
368 -5.184354e-06
369 -1.170981e-05
370 -1.376516e-05
371 5.718219e-06
372 1.743646e-05
373 1.116268e-05
374 -3.739243e-06
375 3.219128e-06
376 4.463997e-06
377 6.383769e-07
378 6.378087e-06
379 1.414031e-06
380 1.549291e-06
381 1.899560e-06
382 1.538464e-06
383 1.508135e-06
384 6.930407e-07
385 9.258321e-07
386 4.865404e-07
387 3.191261e-07
388 1.163360e-07
389 1.713180e-07
390 1.969605e-04
391 5.641890e-05
392 -6.984329e-05
393 3.163617e-05
394 7.314037e-05
395 2.358453e-05
396 2.510391e-05
397 3.408574e-05
398 1.823527e-05
399 -2.769445e-05
400 2.065149e-05
401 -1.620308e-07
402 2.516108e-05
403 -6.009133e-06
404 4.921485e-06
405 -3.677324e-06
406 1.039706e-06
407 6.107452e-06
408 3.344156e-06
409 2.960294e-06
410 2.430624e-06
411 2.561468e-06
412 2.339095e-06
413 1.868104e-06
414 8.345152e-07
415 1.694962e-06
416 5.614625e-07
417 4.500448e-07
418 5.274401e-07
419 4.198007e-07
420 5.466543e-05
421 -1.597895e-04
422 -3.865422e-05
423 -2.946895e-05
424 9.884456e-05
425 -1.159118e-05
426 -2.460632e-05
427 -7.179602e-06
428 4.595638e-06
429 1.463770e-06
430 2.393034e-05
431 2.078953e-05
432 7.106790e-06
433 -6.265184e-06
434 2.540261e-06
435 -3.347241e-06
436 2.336565e-06
437 1.133279e-06
438 2.272758e-06
439 4.515524e-06
440 6.437597e-06
441 -8.216319e-08
442 -1.318015e-07
443 1.225242e-06
444 7.292127e-07
445 2.371546e-07
446 1.098981e-06
447 5.706478e-07
448 3.141124e-07
449 4.913623e-07
450 3.610899e-05
451 -7.815282e-05
452 8.909765e-06
453 -8.623573e-05
454 4.868556e-05
455 -3.910151e-05
456 -9.780330e-06
457 -1.047602e-05
458 2.776466e-05
459 -4.037571e-06
460 7.697505e-06
461 5.237027e-06
462 1.396471e-05
463 1.819681e-06
464 8.537596e-06
465 1.043433e-05
466 3.725998e-06
467 8.209677e-06
468 4.705209e-06
469 3.922986e-06
470 7.523450e-07
471 1.410055e-06
472 1.647083e-06
473 1.855160e-06
474 1.147820e-06
475 1.198637e-06
476 7.960376e-07
477 9.508020e-07
478 5.611984e-07
479 5.481757e-07
480 -9.873318e-06
481 -1.329685e-04
482 -8.682499e-05
483 -1.772045e-05
484 -3.235911e-05
485 9.619051e-06
486 3.114369e-05
487 4.478618e-06
488 2.287987e-05
489 2.085084e-06
490 1.264698e-05
491 4.884664e-06
492 4.646886e-06
493 1.219811e-05
494 -1.164214e-06
495 -3.341000e-06
496 1.251897e-06
497 1.471442e-06
498 6.761345e-06
499 3.162629e-06
500 5.287213e-06
501 1.998260e-06
502 7.864302e-07
503 8.328662e-07
504 3.122539e-06
505 5.233919e-07
506 9.398939e-07
507 3.628173e-07
508 1.002621e-07
509 1.034573e-06
510 -1.395247e-04
511 4.618384e-05
512 7.113078e-05
513 -5.364643e-05
514 -1.573274e-05
515 3.001416e-05
516 4.326293e-06
517 4.953682e-06
518 6.178718e-05
519 4.934323e-05
520 -1.370265e-05
521 5.096159e-06
522 2.060662e-05
523 3.548315e-06
524 1.268169e-05
525 1.085798e-05
526 6.161313e-06
527 8.071073e-06
528 5.249288e-06
529 5.789363e-06
530 4.574299e-06
531 3.804591e-06
532 2.170798e-06
533 3.964297e-06
534 8.713294e-07
535 1.089629e-06
536 1.316099e-06
537 1.056712e-06
538 1.269944e-06
539 7.657715e-07
540 -1.710431e-05
541 8.062587e-05
542 -2.385231e-05
543 3.801701e-05
544 2.046288e-05
545 -9.602366e-06
546 9.819713e-06
547 1.447480e-05
548 3.288826e-05
549 1.035740e-05
550 1.107289e-05
551 1.482839e-05
552 2.338430e-05
553 1.163191e-05
554 1.306190e-05
555 1.122542e-05
556 6.004252e-06
557 7.313747e-06
558 4.801022e-06
559 5.535139e-06
560 4.937662e-06
561 1.627981e-06
562 3.859054e-06
563 4.760917e-06
564 2.560511e-06
565 2.714167e-06
566 2.021464e-06
567 1.955875e-06
568 1.449228e-06
569 1.299517e-06
570 4.171999e-04
571 -1.147346e-04
572 -1.685287e-04
573 1.685092e-04
574 2.593899e-05
575 1.131871e-04
576 7.837071e-05
577 -3.582364e-06
578 5.026929e-06
579 -5.607979e-05
580 2.632697e-05
581 5.855524e-05
582 2.016987e-05
583 7.681572e-06
584 1.105942e-05
585 1.618405e-05
586 2.119394e-05
587 1.436828e-05
588 1.058021e-05
589 4.101299e-06
590 8.495175e-06
591 1.674544e-07
592 2.811109e-06
593 5.157858e-06
594 5.194785e-06
595 1.976809e-06
596 1.990823e-06
597 2.408078e-06
598 1.877594e-06
599 2.281309e-06
600 0.000000e+00
601 0.000000e+00
602 0.000000e+00
603 0.000000e+00
604 0.000000e+00
605 0.000000e+00
606 0.000000e+00
607 0.000000e+00
608 0.000000e+00
609 0.000000e+00
610 1.115349e-03
611 1.186736e-03
612 7.567944e-04
613 5.658163e-04
614 5.323792e-04
615 5.192144e-04
616 4.184041e-04
617 2.348730e-04
618 1.942769e-04
619 1.702573e-04
620 1.664331e-04
621 1.118470e-04
622 6.415675e-05
623 5.851604e-05
624 5.446451e-05
625 4.220310e-05
626 2.865807e-05
627 5.098486e-05
628 3.592872e-05
629 1.124696e-05
630 0.000000e+00
631 0.000000e+00
632 0.000000e+00
633 0.000000e+00
634 0.000000e+00
635 0.000000e+00
636 0.000000e+00
637 0.000000e+00
638 0.000000e+00
639 0.000000e+00
640 2.063120e-03
641 1.067879e-03
642 1.407583e-03
643 1.187153e-03
644 8.826571e-04
645 7.383120e-04
646 4.128357e-04
647 3.472306e-04
648 3.548569e-04
649 2.737105e-04
650 1.366665e-04
651 2.025255e-04
652 1.544928e-04
653 9.942554e-05
654 1.138479e-04
655 7.653121e-05
656 8.001489e-05
657 5.336104e-05
658 4.904272e-05
659 4.648624e-05
660 0.000000e+00
661 0.000000e+00
662 0.000000e+00
663 0.000000e+00
664 0.000000e+00
665 0.000000e+00
666 0.000000e+00
667 0.000000e+00
668 0.000000e+00
669 0.000000e+00
670 2.778071e-03
671 2.019239e-03
672 1.909054e-03
673 1.669116e-03
674 1.326911e-03
675 9.483227e-04
676 6.749274e-04
677 5.681017e-04
678 4.984483e-04
679 3.785735e-04
680 3.322098e-04
681 2.631033e-04
682 1.826290e-04
683 1.746237e-04
684 1.887052e-04
685 1.359252e-04
686 1.164399e-04
687 1.080240e-04
688 8.973721e-05
689 8.400067e-05
690 0.000000e+00
691 0.000000e+00
692 0.000000e+00
693 0.000000e+00
694 0.000000e+00
695 0.000000e+00
696 0.000000e+00
697 0.000000e+00
698 0.000000e+00
699 0.000000e+00
700 2.116199e-03
701 2.690807e-03
702 2.061394e-03
703 1.705185e-03
704 1.480209e-03
705 1.122918e-03
706 7.939307e-04
707 7.599823e-04
708 5.550327e-04
709 2.808275e-04
710 3.154900e-04
711 3.244373e-04
712 2.759681e-04
713 1.682265e-04
714 1.934454e-04
715 1.532897e-04
716 1.125248e-04
717 1.159556e-04
718 7.997140e-05
719 5.587540e-05
720 0.000000e+00
721 0.000000e+00
722 0.000000e+00
723 0.000000e+00
724 0.000000e+00
725 0.000000e+00
726 0.000000e+00
727 0.000000e+00
728 0.000000e+00
729 0.000000e+00
730 5.441966e-04
731 5.059677e-04
732 5.327351e-04
733 2.829026e-04
734 2.652069e-04
735 1.555387e-04
736 1.104694e-04
737 7.081405e-05
738 8.628347e-05
739 9.708582e-05
740 5.308540e-05
741 6.152823e-05
742 4.851532e-05
743 5.232131e-06
744 5.945618e-06
745 2.514132e-05
746 2.036176e-05
747 2.121719e-05
748 1.394153e-05
749 2.515910e-05
750 0.000000e+00
751 0.000000e+00
752 0.000000e+00
753 0.000000e+00
754 0.000000e+00
755 0.000000e+00
756 0.000000e+00
757 0.000000e+00
758 0.000000e+00
759 0.000000e+00
760 1.041363e-03
761 8.861927e-04
762 4.625753e-04
763 6.098554e-04
764 4.191346e-04
765 4.384237e-04
766 3.038917e-04
767 1.748137e-04
768 1.857319e-04
769 1.518823e-04
770 1.387295e-04
771 4.965894e-05
772 7.542126e-05
773 5.271132e-05
774 5.339646e-05
775 3.843301e-05
776 2.663485e-05
777 2.691581e-05
778 3.480376e-05
779 3.549180e-05
780 0.000000e+00
781 0.000000e+00
782 0.000000e+00
783 0.000000e+00
784 0.000000e+00
785 0.000000e+00
786 0.000000e+00
787 0.000000e+00
788 0.000000e+00
789 0.000000e+00
790 1.998549e-03
791 1.649299e-03
792 1.477966e-03
793 1.065209e-03
794 7.578715e-04
795 6.616467e-04
796 4.658833e-04
797 4.312904e-04
798 4.320417e-04
799 2.849266e-04
800 2.513028e-04
801 1.842140e-04
802 1.754831e-04
803 1.608918e-04
804 1.347588e-04
805 1.150801e-04
806 1.180963e-04
807 8.249404e-05
808 7.483051e-05
809 6.598593e-05
810 0.000000e+00
811 0.000000e+00
812 0.000000e+00
813 0.000000e+00
814 0.000000e+00
815 0.000000e+00
816 0.000000e+00
817 0.000000e+00
818 0.000000e+00
819 0.000000e+00
820 2.425822e-03
821 2.069397e-03
822 1.260281e-03
823 1.447092e-03
824 1.119750e-03
825 9.577199e-04
826 6.485415e-04
827 5.798772e-04
828 3.754473e-04
829 3.645303e-04
830 2.110356e-04
831 2.467605e-04
832 2.250733e-04
833 1.615774e-04
834 1.741032e-04
835 1.686074e-04
836 1.296404e-04
837 1.030301e-04
838 9.126105e-05
839 6.172049e-05
840 0.000000e+00
841 0.000000e+00
842 0.000000e+00
843 0.000000e+00
844 0.000000e+00
845 0.000000e+00
846 0.000000e+00
847 0.000000e+00
848 0.000000e+00
849 0.000000e+00
850 1.591185e-04
851 2.026343e-04
852 1.640777e-04
853 -5.660673e-05
854 -1.007325e-05
855 1.214768e-05
856 7.251639e-05
857 3.073888e-05
858 5.701752e-05
859 4.914979e-05
860 2.931144e-05
861 2.543751e-05
862 3.049107e-05
863 1.969327e-05
864 3.572936e-05
865 2.809341e-05
866 1.740769e-05
867 1.367404e-05
868 4.657274e-06
869 7.329053e-06
870 0.000000e+00
871 0.000000e+00
872 0.000000e+00
873 0.000000e+00
874 0.000000e+00
875 0.000000e+00
876 0.000000e+00
877 0.000000e+00
878 0.000000e+00
879 0.000000e+00
880 2.807052e-04
881 3.438855e-04
882 1.270411e-04
883 1.722857e-04
884 2.466273e-05
885 8.458687e-05
886 3.763554e-05
887 7.526320e-05
888 4.523751e-05
889 1.779837e-05
890 -3.056540e-05
891 1.483975e-06
892 6.534859e-06
893 1.025645e-05
894 -2.229610e-06
895 4.072799e-06
896 6.551170e-06
897 -1.374626e-05
898 -1.096847e-05
899 -1.588793e-05
900 0.000000e+00
901 0.000000e+00
902 0.000000e+00
903 0.000000e+00
904 0.000000e+00
905 0.000000e+00
906 0.000000e+00
907 0.000000e+00
908 0.000000e+00
909 0.000000e+00
910 1.129827e-03
911 1.156685e-03
912 7.666425e-04
913 4.894271e-04
914 4.089840e-04
915 1.852530e-04
916 1.959103e-04
917 2.304729e-04
918 1.690719e-04
919 1.361327e-04
920 1.294132e-04
921 1.209039e-04
922 1.095109e-04
923 8.395083e-05
924 7.877346e-05
925 6.018863e-05
926 5.778374e-05
927 4.377879e-05
928 3.264642e-05
929 2.148225e-05
930 0.000000e+00
931 0.000000e+00
932 0.000000e+00
933 0.000000e+00
934 0.000000e+00
935 0.000000e+00
936 0.000000e+00
937 0.000000e+00
938 0.000000e+00
939 0.000000e+00
940 1.913282e-03
941 1.286393e-03
942 1.487983e-03
943 9.496667e-04
944 5.900802e-04
945 4.564637e-04
946 5.919745e-04
947 3.920517e-04
948 2.862108e-04
949 2.204495e-04
950 2.252044e-04
951 1.370857e-04
952 1.430970e-04
953 1.327895e-04
954 1.074603e-04
955 9.189583e-05
956 8.449442e-05
957 8.482780e-05
958 4.703491e-05
959 2.361537e-05
960 0.000000e+00
961 0.000000e+00
962 0.000000e+00
963 0.000000e+00
964 0.000000e+00
965 0.000000e+00
966 0.000000e+00
967 0.000000e+00
968 0.000000e+00
969 0.000000e+00
970 -2.575847e-04
971 3.042727e-05
972 9.373167e-05
973 -8.960308e-05
974 6.415358e-05
975 1.051309e-04
976 1.315706e-05
977 6.187814e-05
978 9.084885e-06
979 7.029625e-06
980 3.582005e-05
981 4.297712e-05
982 7.714397e-06
983 1.485877e-07
984 1.109213e-05
985 -3.282032e-06
986 -6.548715e-06
987 1.192757e-05
988 4.811358e-06
989 -3.984770e-06
990 0.000000e+00
991 0.000000e+00
992 0.000000e+00
993 0.000000e+00
994 0.000000e+00
995 0.000000e+00
996 0.000000e+00
997 0.000000e+00
998 0.000000e+00
999 0.000000e+00
1000 2.756459e-04
1001 1.373101e-04
1002 -2.302787e-04
1003 2.328320e-05
1004 7.616341e-05
1005 3.920617e-05
1006 2.394105e-05
1007 6.736830e-05
1008 4.244825e-06
1009 -6.941520e-06
1010 3.278649e-05
1011 4.718759e-05
1012 1.343501e-05
1013 -1.998221e-06
1014 6.139406e-07
1015 6.632102e-06
1016 3.591468e-05
1017 6.297198e-06
1018 8.899569e-06
1019 1.100488e-05
1020 0.000000e+00
1021 0.000000e+00
1022 0.000000e+00
1023 0.000000e+00
1024 0.000000e+00
1025 0.000000e+00
1026 0.000000e+00
1027 0.000000e+00
1028 0.000000e+00
1029 0.000000e+00
1030 3.643858e-04
1031 5.193131e-04
1032 2.379667e-04
1033 1.642113e-04
1034 8.569312e-05
1035 7.894556e-05
1036 6.422024e-05
1037 1.226654e-04
1038 1.048778e-04
1039 8.165873e-05
1040 5.848224e-05
1041 4.694899e-05
1042 3.781996e-05
1043 2.339483e-05
1044 2.182735e-05
1045 4.814946e-05
1046 4.740497e-05
1047 3.205764e-05
1048 3.134630e-05
1049 1.766001e-05
1050 0.000000e+00
1051 0.000000e+00
1052 0.000000e+00
1053 0.000000e+00
1054 0.000000e+00
1055 0.000000e+00
1056 0.000000e+00
1057 0.000000e+00
1058 0.000000e+00
1059 0.000000e+00
1060 1.359661e-03
1061 1.272962e-03
1062 8.018892e-04
1063 5.863568e-04
1064 2.435504e-04
1065 2.880296e-04
1066 2.507665e-04
1067 3.346460e-04
1068 2.545273e-04
1069 2.385093e-04
1070 1.850614e-04
1071 1.405283e-04
1072 9.942606e-05
1073 1.213681e-04
1074 8.717948e-05
1075 1.038582e-04
1076 7.274420e-05
1077 5.823552e-05
1078 5.977064e-05
1079 3.144802e-05
1080 0.000000e+00
1081 0.000000e+00
1082 0.000000e+00
1083 0.000000e+00
1084 0.000000e+00
1085 0.000000e+00
1086 0.000000e+00
1087 0.000000e+00
1088 0.000000e+00
1089 0.000000e+00
1090 1.899673e-04
1091 -4.395123e-04
1092 -1.729236e-04
1093 -1.089407e-04
1094 -2.606685e-05
1095 -1.533370e-05
1096 -1.666546e-04
1097 -2.664055e-05
1098 -1.743507e-05
1099 -5.215193e-05
1100 7.298987e-05
1101 2.820254e-05
1102 4.734139e-05
1103 1.497809e-06
1104 1.497577e-05
1105 1.155398e-05
1106 1.681622e-05
1107 1.429106e-05
1108 7.823243e-06
1109 -7.632891e-07
1110 0.000000e+00
1111 0.000000e+00
1112 0.000000e+00
1113 0.000000e+00
1114 0.000000e+00
1115 0.000000e+00
1116 0.000000e+00
1117 0.000000e+00
1118 0.000000e+00
1119 0.000000e+00
1120 -2.255950e-04
1121 -2.558157e-04
1122 -2.542845e-04
1123 -1.021073e-04
1124 -4.730367e-05
1125 1.611813e-05
1126 -5.638538e-05
1127 9.861505e-06
1128 7.986605e-06
1129 -1.280137e-05
1130 -2.286344e-05
1131 6.572215e-05
1132 1.239484e-06
1133 -3.739734e-05
1134 -1.987910e-05
1135 1.239705e-06
1136 -2.409730e-06
1137 -3.877488e-06
1138 -1.957476e-06
1139 -2.746046e-06
1140 0.000000e+00
1141 0.000000e+00
1142 0.000000e+00
1143 0.000000e+00
1144 0.000000e+00
1145 0.000000e+00
1146 0.000000e+00
1147 0.000000e+00
1148 0.000000e+00
1149 0.000000e+00
1150 2.776375e-04
1151 5.246620e-05
1152 1.092843e-04
1153 -2.152495e-04
1154 -1.883255e-04
1155 1.147673e-04
1156 -2.898372e-05
1157 6.719020e-05
1158 5.030081e-05
1159 -8.065219e-06
1160 6.913240e-05
1161 6.800040e-05
1162 1.520064e-05
1163 -1.102747e-06
1164 1.568029e-06
1165 2.543149e-05
1166 1.311034e-06
1167 2.804574e-08
1168 1.155601e-05
1169 1.113267e-05
1170 0.000000e+00
1171 0.000000e+00
1172 0.000000e+00
1173 0.000000e+00
1174 0.000000e+00
1175 0.000000e+00
1176 0.000000e+00
1177 0.000000e+00
1178 0.000000e+00
1179 0.000000e+00
1180 1.015467e-05
1181 5.836306e-04
1182 1.097928e-03
1183 5.121880e-04
1184 4.911369e-04
1185 2.308876e-04
1186 1.515820e-04
1187 1.256547e-04
1188 9.601157e-05
1189 1.674419e-05
1190 1.095812e-04
1191 4.677882e-05
1192 9.631172e-05
1193 6.491903e-05
1194 5.965002e-05
1195 3.040895e-05
1196 2.441116e-05
1197 6.399734e-07
1198 1.745959e-05
1199 -2.630426e-06
1200 0.000000e+00
1201 0.000000e+00
1202 0.000000e+00
1203 0.000000e+00
1204 0.000000e+00
1205 0.000000e+00
1206 0.000000e+00
1207 0.000000e+00
1208 0.000000e+00
1209 0.000000e+00
1210 5.748763e-01
1211 4.220256e-01
1212 3.243485e-01
1213 2.529017e-01
1214 1.984279e-01
1215 1.695158e-01
1216 1.352840e-01
1217 1.087514e-01
1218 8.981736e-02
1219 7.176302e-02
1220 5.587218e-02
1221 4.514246e-02
1222 4.188949e-02
1223 3.201700e-02
1224 2.218017e-02
1225 1.985237e-02
1226 1.659972e-02
1227 1.203383e-02
1228 7.729101e-03
1229 6.099985e-03
1230 0.000000e+00
1231 0.000000e+00
1232 0.000000e+00
1233 0.000000e+00
1234 0.000000e+00
1235 0.000000e+00
1236 0.000000e+00
1237 0.000000e+00
1238 0.000000e+00
1239 0.000000e+00
1240 3.569400e-01
1241 2.885213e-01
1242 2.269866e-01
1243 1.766733e-01
1244 1.493352e-01
1245 1.243995e-01
1246 1.034124e-01
1247 8.693799e-02
1248 7.221542e-02
1249 6.060231e-02
1250 4.977724e-02
1251 4.166050e-02
1252 3.360752e-02
1253 2.597456e-02
1254 1.862479e-02
1255 1.349982e-02
1256 1.014212e-02
1257 6.931125e-03
1258 3.706995e-03
1259 1.123646e-03
1260 0.000000e+00
1261 0.000000e+00
1262 0.000000e+00
1263 0.000000e+00
1264 0.000000e+00
1265 0.000000e+00
1266 0.000000e+00
1267 0.000000e+00
1268 0.000000e+00
1269 0.000000e+00
1270 2.212739e-01
1271 1.898279e-01
1272 1.620153e-01
1273 1.310592e-01
1274 1.081369e-01
1275 8.993794e-02
1276 7.749630e-02
1277 6.407074e-02
1278 5.370786e-02
1279 4.423527e-02
1280 3.604212e-02
1281 2.856996e-02
1282 2.050341e-02
1283 1.527398e-02
1284 1.144853e-02
1285 8.031086e-03
1286 4.367563e-03
1287 1.775619e-03
1288 2.092196e-03
1289 1.678123e-03
1290 0.000000e+00
1291 0.000000e+00
1292 0.000000e+00
1293 0.000000e+00
1294 0.000000e+00
1295 0.000000e+00
1296 0.000000e+00
1297 0.000000e+00
1298 0.000000e+00
1299 0.000000e+00
1300 2.624334e-01
1301 2.060285e-01
1302 1.756892e-01
1303 1.546094e-01
1304 1.212585e-01
1305 1.056256e-01
1306 8.284641e-02
1307 6.835412e-02
1308 5.762683e-02
1309 4.525296e-02
1310 3.695702e-02
1311 2.822137e-02
1312 2.034065e-02
1313 1.462782e-02
1314 1.053943e-02
1315 7.452386e-03
1316 4.849112e-03
1317 3.160846e-03
1318 5.327631e-04
1319 -8.392618e-04
1320 0.000000e+00
1321 0.000000e+00
1322 0.000000e+00
1323 0.000000e+00
1324 0.000000e+00
1325 0.000000e+00
1326 0.000000e+00
1327 0.000000e+00
1328 0.000000e+00
1329 0.000000e+00
1330 1.980606e-01
1331 2.094739e-01
1332 1.820125e-01
1333 1.402893e-01
1334 9.971040e-02
1335 1.028621e-01
1336 7.970961e-02
1337 6.449529e-02
1338 5.468634e-02
1339 3.893423e-02
1340 3.200040e-02
1341 2.118885e-02
1342 1.683397e-02
1343 1.360963e-02
1344 6.273291e-03
1345 2.771417e-03
1346 -1.449828e-03
1347 2.138088e-04
1348 1.512660e-03
1349 -8.076400e-04
1350 4.496699e-02
1351 1.205045e-02
1352 -2.306492e-03
1353 1.086714e-03
1354 7.828621e-03
1355 5.339441e-04
1356 7.704987e-03
1357 6.209271e-03
1358 1.705455e-04
1359 1.520655e-03
1360 2.815194e-03
1361 2.888485e-03
1362 2.582051e-03
1363 2.452751e-03
1364 2.607744e-03
1365 1.520299e-03
1366 1.070259e-03
1367 1.024203e-03
1368 4.461237e-04
1369 8.609081e-04
1370 9.919152e-04
1371 8.453737e-04
1372 4.437837e-04
1373 1.572164e-04
1374 1.768148e-04
1375 2.284514e-04
1376 3.030542e-05
1377 1.717362e-04
1378 1.582033e-04
1379 3.819695e-05
1380 7.891100e-03
1381 1.270492e-02
1382 3.167453e-03
1383 1.009650e-02
1384 1.011917e-03
1385 6.056627e-03
1386 6.004448e-03
1387 5.866820e-03
1388 5.206892e-03
1389 6.427332e-03
1390 4.819739e-03
1391 6.223885e-03
1392 3.876213e-03
1393 3.467716e-03
1394 3.145454e-03
1395 2.051786e-03
1396 2.007681e-03
1397 1.949047e-03
1398 1.277229e-03
1399 8.127510e-04
1400 5.944983e-04
1401 4.687813e-04
1402 2.699749e-04
1403 6.285035e-05
1404 2.606283e-04
1405 2.461010e-04
1406 9.136486e-05
1407 1.009035e-04
1408 1.488804e-05
1409 -3.319142e-06
1410 8.862162e-03
1411 1.415459e-02
1412 1.146993e-02
1413 -9.693897e-04
1414 5.625417e-03
1415 8.204398e-04
1416 3.071208e-03
1417 4.179899e-03
1418 4.918126e-03
1419 4.426329e-03
1420 3.244302e-03
1421 4.694342e-03
1422 3.478981e-03
1423 3.783367e-03
1424 3.067635e-03
1425 2.700966e-03
1426 1.717817e-03
1427 1.248877e-03
1428 1.020764e-03
1429 6.918489e-04
1430 2.843851e-04
1431 5.486657e-04
1432 2.934930e-04
1433 2.365635e-04
1434 1.032568e-04
1435 1.222915e-04
1436 5.434975e-05
1437 5.098077e-05
1438 -9.791176e-06
1439 2.250704e-05
1440 1.846338e-02
1441 -5.455920e-03
1442 1.653443e-02
1443 -2.062891e-04
1444 4.053063e-03
1445 3.042499e-03
1446 2.444753e-03
1447 -3.477318e-04
1448 4.836728e-03
1449 4.831079e-03
1450 1.563315e-03
1451 3.471363e-03
1452 2.895776e-03
1453 3.450324e-03
1454 3.441666e-03
1455 2.911499e-03
1456 2.560485e-03
1457 1.747033e-03
1458 1.443462e-03
1459 1.473097e-03
1460 6.758681e-04
1461 4.406622e-04
1462 2.926849e-04
1463 2.816195e-04
1464 4.259204e-04
1465 1.068864e-04
1466 5.092094e-05
1467 1.503819e-04
1468 -7.120830e-05
1469 -1.749282e-05
1470 4.491230e-03
1471 1.632290e-02
1472 -1.223719e-02
1473 2.476064e-03
1474 1.432873e-02
1475 1.252266e-02
1476 3.705887e-03
1477 3.446862e-03
1478 4.084009e-03
1479 4.260032e-03
1480 4.706565e-03
1481 7.452240e-03
1482 4.220377e-03
1483 3.502635e-03
1484 3.363454e-03
1485 2.021710e-03
1486 2.095143e-03
1487 1.385228e-03
1488 9.891826e-04
1489 8.669680e-04
1490 3.716093e-04
1491 7.168697e-04
1492 4.031996e-04
1493 1.177427e-04
1494 2.853734e-04
1495 6.293504e-05
1496 2.532092e-04
1497 3.536936e-05
1498 -6.093066e-05
1499 4.844533e-05
1500 -1.168148e-04
1501 -1.644005e-04
1502 -2.290970e-04
1503 4.224003e-05
1504 2.802881e-05
1505 3.795653e-05
1506 1.341516e-05
1507 5.348799e-05
1508 3.652380e-05
1509 -3.533451e-05
1510 -1.645480e-05
1511 3.187618e-05
1512 4.710307e-05
1513 5.640928e-06
1514 2.690152e-05
1515 1.050607e-05
1516 -4.814362e-06
1517 1.246717e-06
1518 3.710382e-06
1519 -2.082461e-06
1520 1.094882e-05
1521 5.604958e-06
1522 2.914469e-06
1523 9.390598e-06
1524 -2.702342e-06
1525 3.916648e-06
1526 -1.366539e-07
1527 2.702589e-06
1528 -3.626329e-08
1529 1.672353e-06
1530 -1.293889e-04
1531 3.938458e-04
1532 -9.738633e-05
1533 2.645559e-04
1534 1.031915e-04
1535 8.501727e-05
1536 -2.507348e-05
1537 4.020911e-05
1538 5.459354e-05
1539 -9.312905e-05
1540 -2.026535e-05
1541 9.107035e-06
1542 4.166502e-05
1543 1.260648e-05
1544 -4.745154e-07
1545 1.838520e-05
1546 1.311892e-05
1547 7.885461e-06
1548 1.761944e-05
1549 9.849701e-06
1550 6.710318e-06
1551 1.345648e-06
1552 -5.591121e-06
1553 3.472728e-06
1554 6.862020e-06
1555 1.544521e-06
1556 5.221940e-06
1557 2.704002e-06
1558 9.073593e-07
1559 1.401972e-06
1560 1.820974e-04
1561 -1.467737e-04
1562 -4.799213e-04
1563 2.122244e-05
1564 -9.261240e-05
1565 1.471221e-04
1566 3.816720e-05
1567 5.895857e-06
1568 2.164871e-06
1569 -3.486790e-05
1570 -1.912624e-05
1571 -2.659505e-05
1572 3.874287e-05
1573 1.755254e-05
1574 3.303888e-05
1575 2.491999e-05
1576 4.518912e-05
1577 4.227823e-05
1578 3.083469e-05
1579 2.499390e-05
1580 2.518396e-05
1581 9.907326e-06
1582 6.737507e-06
1583 1.193462e-05
1584 1.558843e-06
1585 8.015140e-06
1586 3.062756e-06
1587 4.081225e-06
1588 2.525671e-06
1589 3.178596e-06
1590 -3.584842e-04
1591 6.548226e-04
1592 1.408226e-04
1593 1.680775e-04
1594 3.726834e-04
1595 -4.066714e-05
1596 -1.087221e-05
1597 9.301389e-05
1598 4.757266e-05
1599 -2.096494e-05
1600 9.491697e-05
1601 1.011969e-05
1602 -4.749128e-06
1603 7.987857e-06
1604 2.143265e-06
1605 2.817448e-05
1606 1.435555e-05
1607 3.407112e-05
1608 1.108073e-05
1609 1.547855e-05
1610 3.550778e-05
1611 2.457371e-05
1612 7.718966e-06
1613 4.321313e-06
1614 1.392275e-05
1615 3.902880e-06
1616 7.082822e-06
1617 5.087770e-06
1618 6.074098e-06
1619 2.151520e-07
1620 2.097327e-07
1621 2.334518e-07
1622 2.246553e-07
1623 1.829506e-07
1624 1.369420e-07
1625 9.639977e-08
1626 7.296349e-08
1627 6.597345e-08
1628 4.429646e-08
1629 3.179292e-08
1630 2.054602e-08
1631 8.623672e-09
1632 1.137257e-08
1633 5.670575e-09
