0 1.673819e-04
1 1.391870e-04
2 8.025824e-05
3 2.793025e-06
4 6.542531e-05
5 7.736538e-05
6 -3.618245e-06
7 1.815785e-05
8 1.609938e-05
9 2.755260e-05
10 1.086276e-05
11 1.659126e-05
12 7.164338e-06
13 5.507511e-06
14 -1.140589e-06
15 9.518020e-06
16 4.078365e-06
17 1.834129e-06
18 4.815655e-06
19 2.386402e-06
20 1.028771e-06
21 2.228189e-07
22 6.420630e-08
23 1.059023e-06
24 1.244579e-06
25 2.806640e-07
26 1.340045e-08
27 1.446063e-07
28 -7.403344e-08
29 -9.682242e-08
30 6.386993e-05
31 -2.827023e-06
32 -2.441911e-05
33 7.644220e-05
34 6.094975e-05
35 5.658359e-05
36 1.128214e-05
37 2.061952e-05
38 1.817947e-05
39 4.501105e-05
40 1.434198e-05
41 1.056610e-05
42 1.623247e-05
43 7.274909e-06
44 1.058348e-05
45 5.879064e-06
46 6.446523e-06
47 5.135206e-06
48 4.445243e-06
49 5.306835e-06
50 2.145257e-06
51 -3.648054e-07
52 8.950431e-07
53 5.255387e-07
54 4.635297e-07
55 5.063577e-07
56 2.406214e-07
57 -3.922678e-08
58 -2.571551e-08
59 -2.565913e-07
60 -5.354216e-05
61 -1.363030e-05
62 8.622262e-05
63 -4.812706e-06
64 7.426035e-05
65 8.783138e-05
66 4.734930e-05
67 6.083812e-05
68 4.920059e-05
69 1.903160e-05
70 2.768556e-05
71 2.178597e-05
72 1.692807e-05
73 1.243839e-05
74 1.152783e-05
75 7.466150e-06
76 9.197577e-06
77 4.747978e-06
78 1.221156e-06
79 3.254444e-06
80 3.127935e-06
81 8.496552e-07
82 2.643490e-06
83 1.298437e-06
84 7.881842e-07
85 3.415313e-07
86 2.365645e-07
87 3.660211e-07
88 6.084205e-09
89 -1.838701e-08
90 3.320153e-04
91 7.071583e-06
92 6.277831e-05
93 -1.694641e-05
94 2.525210e-05
95 9.159907e-05
96 6.182450e-05
97 3.928678e-05
98 2.604848e-05
99 -2.477862e-06
100 2.091552e-05
101 2.594496e-05
102 1.010900e-05
103 1.703375e-05
104 3.115389e-06
105 5.114389e-06
106 1.048540e-05
107 6.805019e-06
108 4.748710e-06
109 1.977165e-06
110 3.256983e-06
111 2.608229e-06
112 1.894189e-06
113 1.296131e-06
114 1.605704e-06
115 1.104126e-06
116 3.773919e-07
117 -1.732224e-08
118 -5.302748e-07
119 2.226882e-07
120 1.461109e-04
121 1.443207e-05
122 1.324149e-04
123 2.162574e-05
124 5.133578e-05
125 3.406595e-05
126 1.471468e-05
127 5.575939e-06
128 6.066881e-05
129 3.028775e-05
130 2.948238e-05
131 1.952365e-05
132 3.210981e-06
133 6.012058e-06
134 8.020487e-06
135 3.215718e-06
136 1.755577e-05
137 6.990162e-06
138 6.602589e-06
139 2.809909e-06
140 2.406298e-06
141 4.439867e-06
142 1.322069e-06
143 1.415181e-06
144 2.136120e-06
145 1.775268e-06
146 5.260213e-07
147 2.432803e-07
148 -2.816055e-07
149 2.768468e-07
150 2.737883e-04
151 9.864415e-05
152 1.764878e-04
153 1.419842e-04
154 5.179979e-05
155 7.235562e-05
156 9.307412e-05
157 2.911910e-05
158 4.158191e-05
159 3.003775e-05
160 4.617043e-05
161 3.297199e-05
162 1.332775e-05
163 1.342846e-05
164 8.293073e-06
165 8.805842e-06
166 7.462855e-06
167 4.768816e-06
168 6.180833e-06
169 3.750221e-06
170 5.378511e-06
171 4.016853e-06
172 2.645193e-06
173 2.289243e-06
174 2.112322e-06
175 1.432519e-06
176 8.626135e-07
177 9.386154e-07
178 3.532298e-07
179 -1.307130e-08
180 1.204569e-04
181 8.600876e-06
182 6.398939e-05
183 2.521135e-04
184 1.129784e-04
185 1.549847e-04
186 9.490773e-05
187 2.173497e-05
188 2.338054e-05
189 5.048833e-05
190 3.328364e-05
191 1.200934e-05
192 2.483338e-05
193 2.736935e-05
194 1.372589e-05
195 1.487787e-05
196 8.943943e-06
197 7.817903e-06
198 6.349148e-06
199 6.945500e-06
200 1.671633e-06
201 5.546601e-06
202 2.648950e-06
203 3.154091e-06
204 1.359430e-06
205 1.584861e-06
206 8.176642e-07
207 1.084117e-06
208 6.517253e-08
209 2.645758e-07
210 3.526937e-04
211 1.803621e-04
212 1.532158e-04
213 1.675462e-04
214 1.118899e-04
215 5.741399e-05
216 1.115677e-04
217 1.149706e-04
218 4.496141e-05
219 8.816045e-05
220 6.356098e-05
221 3.336501e-05
222 4.099988e-05
223 2.713546e-05
224 2.470239e-05
225 2.167974e-05
226 1.287017e-05
227 1.580010e-05
228 6.530595e-06
229 9.595348e-06
230 6.438415e-06
231 5.754066e-06
232 5.777648e-06
233 3.973381e-06
234 3.628918e-06
235 1.860010e-06
236 1.312337e-06
237 8.193417e-07
238 2.442347e-07
239 -4.738583e-07
240 1.798382e-04
241 1.855327e-04
242 2.249003e-04
243 7.951406e-05
244 1.673607e-04
245 1.618601e-04
246 1.387011e-04
247 8.308541e-05
248 6.236916e-05
249 7.284200e-05
250 6.067405e-05
251 4.450427e-05
252 3.980676e-05
253 2.847353e-05
254 2.536954e-05
255 2.615685e-05
256 1.865743e-05
257 1.340988e-05
258 1.306345e-05
259 1.224390e-05
260 8.403765e-06
261 7.699772e-06
262 5.244535e-06
263 4.221501e-06
264 3.225190e-06
265 2.009226e-06
266 1.202754e-06
267 1.710569e-06
268 -1.780350e-07
269 1.927293e-07
270 3.881405e-04
271 1.452378e-04
272 3.783818e-04
273 3.149747e-04
274 3.344646e-04
275 1.788772e-04
276 2.019759e-04
277 2.442143e-04
278 1.286890e-04
279 1.216964e-04
280 7.035616e-05
281 6.072507e-05
282 5.605024e-05
283 2.861163e-05
284 4.025301e-05
285 2.685494e-05
286 2.438611e-05
287 1.706100e-05
288 9.012256e-06
289 1.856817e-05
290 1.786620e-05
291 9.336972e-06
292 4.290266e-06
293 6.045578e-06
294 2.952976e-06
295 2.073490e-06
296 1.439156e-06
297 4.724756e-07
298 -7.578808e-07
299 1.153849e-06
300 -3.684033e-05
301 1.286336e-04
302 -8.556982e-05
303 1.517545e-05
304 -1.842773e-06
305 -1.626749e-05
306 -5.171602e-05
307 -4.614982e-05
308 -7.372844e-06
309 -1.395423e-05
310 1.756451e-05
311 6.394283e-06
312 -3.102867e-06
313 -2.060882e-06
314 -2.736837e-06
315 3.377262e-06
316 7.356087e-06
317 7.520722e-06
318 3.491180e-08
319 1.207768e-06
320 2.379861e-06
321 6.515627e-08
322 2.172712e-06
323 7.371027e-07
324 3.490890e-07
325 6.037273e-08
326 5.510431e-07
327 1.370269e-07
328 3.211039e-07
329 5.782730e-07
330 -5.158086e-06
331 -2.175260e-05
332 6.081411e-05
333 5.406210e-05
334 3.328384e-05
335 1.176137e-05
336 -3.200882e-05
337 -1.671058e-05
338 1.872101e-05
339 7.859053e-06
340 9.510744e-06
341 -5.504007e-07
342 1.901348e-06
343 3.484101e-06
344 -2.302149e-06
345 2.324826e-06
346 2.381038e-06
347 2.489506e-06
348 4.906401e-06
349 2.372026e-06
350 6.484577e-07
351 1.470621e-06
352 1.494411e-06
353 8.353369e-07
354 5.134933e-07
355 3.754537e-07
356 7.463445e-07
357 4.591156e-07
358 3.675031e-07
359 4.507932e-07
360 2.824921e-05
361 4.460377e-05
362 -1.975329e-05
363 5.414616e-05
364 -1.639081e-05
365 2.903420e-05
366 -6.972908e-07
367 -1.068342e-05
368 -5.184354e-06
369 -1.170981e-05
370 -1.376516e-05
371 5.718219e-06
372 1.743646e-05
373 1.116268e-05
374 -3.739243e-06
375 3.219128e-06
376 4.463997e-06
377 6.383769e-07
378 6.378087e-06
379 1.414031e-06
380 1.549291e-06
381 1.899560e-06
382 1.538464e-06
383 1.508135e-06
384 6.930407e-07
385 9.258321e-07
386 4.865404e-07
387 3.191261e-07
388 1.163360e-07
389 1.713180e-07
390 1.969605e-04
391 5.641890e-05
392 -6.984329e-05
393 3.163617e-05
394 7.314037e-05
395 2.358453e-05
396 2.510391e-05
397 3.408574e-05
398 1.823527e-05
399 -2.769445e-05
400 2.065149e-05
401 -1.620308e-07
402 2.516108e-05
403 -6.009133e-06
404 4.921485e-06
405 -3.677324e-06
406 1.039706e-06
407 6.107452e-06
408 3.344156e-06
409 2.960294e-06
410 2.430624e-06
411 2.561468e-06
412 2.339095e-06
413 1.868104e-06
414 8.345152e-07
415 1.694962e-06
416 5.614625e-07
417 4.500448e-07
418 5.274401e-07
419 4.198007e-07
420 5.466543e-05
421 -1.597895e-04
422 -3.865422e-05
423 -2.946895e-05
424 9.884456e-05
425 -1.159118e-05
426 -2.460632e-05
427 -7.179602e-06
428 4.595638e-06
429 1.463770e-06
430 2.393034e-05
431 2.078953e-05
432 7.106790e-06
433 -6.265184e-06
434 2.540261e-06
435 -3.347241e-06
436 2.336565e-06
437 1.133279e-06
438 2.272758e-06
439 4.515524e-06
440 6.437597e-06
441 -8.216319e-08
442 -1.318015e-07
443 1.225242e-06
444 7.292127e-07
445 2.371546e-07
446 1.098981e-06
447 5.706478e-07
448 3.141124e-07
449 4.913623e-07
450 3.610899e-05
451 -7.815282e-05
452 8.909765e-06
453 -8.623573e-05
454 4.868556e-05
455 -3.910151e-05
456 -9.780330e-06
457 -1.047602e-05
458 2.776466e-05
459 -4.037571e-06
460 7.697505e-06
461 5.237027e-06
462 1.396471e-05
463 1.819681e-06
464 8.537596e-06
465 1.043433e-05
466 3.725998e-06
467 8.209677e-06
468 4.705209e-06
469 3.922986e-06
470 7.523450e-07
471 1.410055e-06
472 1.647083e-06
473 1.855160e-06
474 1.147820e-06
475 1.198637e-06
476 7.960376e-07
477 9.508020e-07
478 5.611984e-07
479 5.481757e-07
480 -9.873318e-06
481 -1.329685e-04
482 -8.682499e-05
483 -1.772045e-05
484 -3.235911e-05
485 9.619051e-06
486 3.114369e-05
487 4.478618e-06
488 2.287987e-05
489 2.085084e-06
490 1.264698e-05
491 4.884664e-06
492 4.646886e-06
493 1.219811e-05
494 -1.164214e-06
495 -3.341000e-06
496 1.251897e-06
497 1.471442e-06
498 6.761345e-06
499 3.162629e-06
500 5.287213e-06
501 1.998260e-06
502 7.864302e-07
503 8.328662e-07
504 3.122539e-06
505 5.233919e-07
506 9.398939e-07
507 3.628173e-07
508 1.002621e-07
509 1.034573e-06
510 -1.395247e-04
511 4.618384e-05
512 7.113078e-05
513 -5.364643e-05
514 -1.573274e-05
515 3.001416e-05
516 4.326293e-06
517 4.953682e-06
518 6.178718e-05
519 4.934323e-05
520 -1.370265e-05
521 5.096159e-06
522 2.060662e-05
523 3.548315e-06
524 1.268169e-05
525 1.085798e-05
526 6.161313e-06
527 8.071073e-06
528 5.249288e-06
529 5.789363e-06
530 4.574299e-06
531 3.804591e-06
532 2.170798e-06
533 3.964297e-06
534 8.713294e-07
535 1.089629e-06
536 1.316099e-06
537 1.056712e-06
538 1.269944e-06
539 7.657715e-07
540 -1.710431e-05
541 8.062587e-05
542 -2.385231e-05
543 3.801701e-05
544 2.046288e-05
545 -9.602366e-06
546 9.819713e-06
547 1.447480e-05
548 3.288826e-05
549 1.035740e-05
550 1.107289e-05
551 1.482839e-05
552 2.338430e-05
553 1.163191e-05
554 1.306190e-05
555 1.122542e-05
556 6.004252e-06
557 7.313747e-06
558 4.801022e-06
559 5.535139e-06
560 4.937662e-06
561 1.627981e-06
562 3.859054e-06
563 4.760917e-06
564 2.560511e-06
565 2.714167e-06
566 2.021464e-06
567 1.955875e-06
568 1.449228e-06
569 1.299517e-06
570 4.171999e-04
571 -1.147346e-04
572 -1.685287e-04
573 1.685092e-04
574 2.593899e-05
575 1.131871e-04
576 7.837071e-05
577 -3.582364e-06
578 5.026929e-06
579 -5.607979e-05
580 2.632697e-05
581 5.855524e-05
582 2.016987e-05
583 7.681572e-06
584 1.105942e-05
585 1.618405e-05
586 2.119394e-05
587 1.436828e-05
588 1.058021e-05
589 4.101299e-06
590 8.495175e-06
591 1.674544e-07
592 2.811109e-06
593 5.157858e-06
594 5.194785e-06
595 1.976809e-06
596 1.990823e-06
597 2.408078e-06
598 1.877594e-06
599 2.281309e-06
600 4.693025e-03
601 2.343778e-03
602 3.381410e-03
603 3.222083e-03
604 2.394605e-03
605 2.171608e-03
606 2.810887e-03
607 1.647195e-03
608 1.551145e-03
609 1.609199e-03
610 1.115349e-03
611 1.186736e-03
612 7.567944e-04
613 5.658163e-04
614 5.323792e-04
615 5.192144e-04
616 4.184041e-04
617 2.348730e-04
618 1.942769e-04
619 1.702573e-04
620 1.664331e-04
621 1.118470e-04
622 6.415675e-05
623 5.851604e-05
624 5.446451e-05
625 4.220310e-05
626 2.865807e-05
627 5.098486e-05
628 3.592872e-05
629 1.124696e-05
630 9.623304e-03
631 7.321612e-03
632 6.258912e-03
633 6.711415e-03
634 6.602891e-03
635 4.944091e-03
636 2.981390e-03
637 3.720531e-03
638 1.851799e-03
639 2.194117e-03
640 2.063120e-03
641 1.067879e-03
642 1.407583e-03
643 1.187153e-03
644 8.826571e-04
645 7.383120e-04
646 4.128357e-04
647 3.472306e-04
648 3.548569e-04
649 2.737105e-04
650 1.366665e-04
651 2.025255e-04
652 1.544928e-04
653 9.942554e-05
654 1.138479e-04
655 7.653121e-05
656 8.001489e-05
657 5.336104e-05
658 4.904272e-05
659 4.648624e-05
660 1.621153e-02
661 1.386498e-02
662 1.283422e-02
663 1.053445e-02
664 8.371096e-03
665 7.225298e-03
666 5.806745e-03
667 4.660172e-03
668 3.885041e-03
669 3.026398e-03
670 2.778071e-03
671 2.019239e-03
672 1.909054e-03
673 1.669116e-03
674 1.326911e-03
675 9.483227e-04
676 6.749274e-04
677 5.681017e-04
678 4.984483e-04
679 3.785735e-04
680 3.322098e-04
681 2.631033e-04
682 1.826290e-04
683 1.746237e-04
684 1.887052e-04
685 1.359252e-04
686 1.164399e-04
687 1.080240e-04
688 8.973721e-05
689 8.400067e-05
690 1.803052e-02
691 1.507810e-02
692 1.740482e-02
693 9.353498e-03
694 9.698250e-03
695 6.563383e-03
696 7.147861e-03
697 4.458164e-03
698 3.662071e-03
699 3.826456e-03
700 2.116199e-03
701 2.690807e-03
702 2.061394e-03
703 1.705185e-03
704 1.480209e-03
705 1.122918e-03
706 7.939307e-04
707 7.599823e-04
708 5.550327e-04
709 2.808275e-04
710 3.154900e-04
711 3.244373e-04
712 2.759681e-04
713 1.682265e-04
714 1.934454e-04
715 1.532897e-04
716 1.125248e-04
717 1.159556e-04
718 7.997140e-05
719 5.587540e-05
720 -4.617847e-04
721 -3.585197e-04
722 6.400109e-04
723 2.216052e-03
724 3.921618e-04
725 9.229202e-04
726 4.034408e-04
727 4.974921e-04
728 9.731760e-04
729 4.383960e-04
730 5.441966e-04
731 5.059677e-04
732 5.327351e-04
733 2.829026e-04
734 2.652069e-04
735 1.555387e-04
736 1.104694e-04
737 7.081405e-05
738 8.628347e-05
739 9.708582e-05
740 5.308540e-05
741 6.152823e-05
742 4.851532e-05
743 5.232131e-06
744 5.945618e-06
745 2.514132e-05
746 2.036176e-05
747 2.121719e-05
748 1.394153e-05
749 2.515910e-05
750 3.066553e-03
751 4.474316e-03
752 3.982263e-03
753 1.758833e-03
754 2.700373e-03
755 2.490459e-03
756 1.243999e-03
757 1.628043e-03
758 1.228133e-03
759 9.316580e-04
760 1.041363e-03
761 8.861927e-04
762 4.625753e-04
763 6.098554e-04
764 4.191346e-04
765 4.384237e-04
766 3.038917e-04
767 1.748137e-04
768 1.857319e-04
769 1.518823e-04
770 1.387295e-04
771 4.965894e-05
772 7.542126e-05
773 5.271132e-05
774 5.339646e-05
775 3.843301e-05
776 2.663485e-05
777 2.691581e-05
778 3.480376e-05
779 3.549180e-05
780 1.039994e-02
781 1.025637e-02
782 6.826334e-03
783 8.530814e-03
784 5.811116e-03
785 5.586524e-03
786 3.800729e-03
787 3.375064e-03
788 2.991264e-03
789 2.279809e-03
790 1.998549e-03
791 1.649299e-03
792 1.477966e-03
793 1.065209e-03
794 7.578715e-04
795 6.616467e-04
796 4.658833e-04
797 4.312904e-04
798 4.320417e-04
799 2.849266e-04
800 2.513028e-04
801 1.842140e-04
802 1.754831e-04
803 1.608918e-04
804 1.347588e-04
805 1.150801e-04
806 1.180963e-04
807 8.249404e-05
808 7.483051e-05
809 6.598593e-05
810 1.034005e-02
811 1.331849e-02
812 1.176462e-02
813 9.218409e-03
814 6.891672e-03
815 6.223538e-03
816 5.695868e-03
817 4.437685e-03
818 3.451967e-03
819 3.147963e-03
820 2.425822e-03
821 2.069397e-03
822 1.260281e-03
823 1.447092e-03
824 1.119750e-03
825 9.577199e-04
826 6.485415e-04
827 5.798772e-04
828 3.754473e-04
829 3.645303e-04
830 2.110356e-04
831 2.467605e-04
832 2.250733e-04
833 1.615774e-04
834 1.741032e-04
835 1.686074e-04
836 1.296404e-04
837 1.030301e-04
838 9.126105e-05
839 6.172049e-05
840 1.913411e-03
841 1.114628e-03
842 6.256662e-05
843 5.581814e-04
844 4.713821e-04
845 5.952799e-04
846 5.073802e-04
847 1.960540e-04
848 2.021676e-04
849 2.369647e-04
850 1.591185e-04
851 2.026343e-04
852 1.640777e-04
853 -5.660673e-05
854 -1.007325e-05
855 1.214768e-05
856 7.251639e-05
857 3.073888e-05
858 5.701752e-05
859 4.914979e-05
860 2.931144e-05
861 2.543751e-05
862 3.049107e-05
863 1.969327e-05
864 3.572936e-05
865 2.809341e-05
866 1.740769e-05
867 1.367404e-05
868 4.657274e-06
869 7.329053e-06
870 8.481951e-04
871 -9.543156e-04
872 4.964064e-04
873 5.081016e-04
874 2.440555e-03
875 9.056441e-04
876 -3.133735e-04
877 5.596124e-04
878 7.809552e-05
879 -6.064295e-07
880 2.807052e-04
881 3.438855e-04
882 1.270411e-04
883 1.722857e-04
884 2.466273e-05
885 8.458687e-05
886 3.763554e-05
887 7.526320e-05
888 4.523751e-05
889 1.779837e-05
890 -3.056540e-05
891 1.483975e-06
892 6.534859e-06
893 1.025645e-05
894 -2.229610e-06
895 4.072799e-06
896 6.551170e-06
897 -1.374626e-05
898 -1.096847e-05
899 -1.588793e-05
900 6.919036e-03
901 6.797853e-03
902 5.795018e-03
903 3.058421e-03
904 3.319620e-03
905 3.618019e-03
906 1.912154e-03
907 2.242033e-03
908 1.474521e-03
909 1.480852e-03
910 1.129827e-03
911 1.156685e-03
912 7.666425e-04
913 4.894271e-04
914 4.089840e-04
915 1.852530e-04
916 1.959103e-04
917 2.304729e-04
918 1.690719e-04
919 1.361327e-04
920 1.294132e-04
921 1.209039e-04
922 1.095109e-04
923 8.395083e-05
924 7.877346e-05
925 6.018863e-05
926 5.778374e-05
927 4.377879e-05
928 3.264642e-05
929 2.148225e-05
930 1.387862e-02
931 1.002012e-02
932 5.778200e-03
933 6.308441e-03
934 6.558668e-03
935 4.555789e-03
936 4.322141e-03
937 3.567041e-03
938 2.938498e-03
939 2.228439e-03
940 1.913282e-03
941 1.286393e-03
942 1.487983e-03
943 9.496667e-04
944 5.900802e-04
945 4.564637e-04
946 5.919745e-04
947 3.920517e-04
948 2.862108e-04
949 2.204495e-04
950 2.252044e-04
951 1.370857e-04
952 1.430970e-04
953 1.327895e-04
954 1.074603e-04
955 9.189583e-05
956 8.449442e-05
957 8.482780e-05
958 4.703491e-05
959 2.361537e-05
960 -1.610729e-03
961 -4.165751e-04
962 5.191648e-05
963 -9.156873e-04
964 8.450135e-04
965 7.879737e-04
966 2.916751e-04
967 -4.484608e-04
968 -3.972348e-04
969 2.384381e-04
970 -2.575847e-04
971 3.042727e-05
972 9.373167e-05
973 -8.960308e-05
974 6.415358e-05
975 1.051309e-04
976 1.315706e-05
977 6.187814e-05
978 9.084885e-06
979 7.029625e-06
980 3.582005e-05
981 4.297712e-05
982 7.714397e-06
983 1.485877e-07
984 1.109213e-05
985 -3.282032e-06
986 -6.548715e-06
987 1.192757e-05
988 4.811358e-06
989 -3.984770e-06
990 -2.704667e-04
991 1.925066e-03
992 -8.450560e-04
993 -3.163539e-04
994 1.778636e-03
995 -2.872929e-05
996 2.631399e-04
997 3.751219e-04
998 6.632944e-05
999 2.460276e-04
1000 2.756459e-04
1001 1.373101e-04
1002 -2.302787e-04
1003 2.328320e-05
1004 7.616341e-05
1005 3.920617e-05
1006 2.394105e-05
1007 6.736830e-05
1008 4.244825e-06
1009 -6.941520e-06
1010 3.278649e-05
1011 4.718759e-05
1012 1.343501e-05
1013 -1.998221e-06
1014 6.139406e-07
1015 6.632102e-06
1016 3.591468e-05
1017 6.297198e-06
1018 8.899569e-06
1019 1.100488e-05
1020 3.300755e-03
1021 2.134657e-03
1022 2.684772e-03
1023 2.303983e-03
1024 2.168526e-03
1025 2.430851e-03
1026 1.099436e-03
1027 1.699577e-03
1028 5.337751e-04
1029 5.066560e-04
1030 3.643858e-04
1031 5.193131e-04
1032 2.379667e-04
1033 1.642113e-04
1034 8.569312e-05
1035 7.894556e-05
1036 6.422024e-05
1037 1.226654e-04
1038 1.048778e-04
1039 8.165873e-05
1040 5.848224e-05
1041 4.694899e-05
1042 3.781996e-05
1043 2.339483e-05
1044 2.182735e-05
1045 4.814946e-05
1046 4.740497e-05
1047 3.205764e-05
1048 3.134630e-05
1049 1.766001e-05
1050 1.095361e-02
1051 1.040122e-02
1052 7.886986e-03
1053 7.154842e-03
1054 3.453918e-03
1055 3.924096e-03
1056 3.941397e-03
1057 3.687081e-03
1058 2.329784e-03
1059 1.941011e-03
1060 1.359661e-03
1061 1.272962e-03
1062 8.018892e-04
1063 5.863568e-04
1064 2.435504e-04
1065 2.880296e-04
1066 2.507665e-04
1067 3.346460e-04
1068 2.545273e-04
1069 2.385093e-04
1070 1.850614e-04
1071 1.405283e-04
1072 9.942606e-05
1073 1.213681e-04
1074 8.717948e-05
1075 1.038582e-04
1076 7.274420e-05
1077 5.823552e-05
1078 5.977064e-05
1079 3.144802e-05
1080 -1.139790e-03
1081 4.238767e-03
1082 6.633775e-04
1083 -4.202416e-04
1084 -8.030950e-04
1085 -2.888555e-04
1086 3.378212e-04
1087 4.830003e-04
1088 -2.228310e-04
1089 -6.248585e-05
1090 1.899673e-04
1091 -4.395123e-04
1092 -1.729236e-04
1093 -1.089407e-04
1094 -2.606685e-05
1095 -1.533370e-05
1096 -1.666546e-04
1097 -2.664055e-05
1098 -1.743507e-05
1099 -5.215193e-05
1100 7.298987e-05
1101 2.820254e-05
1102 4.734139e-05
1103 1.497809e-06
1104 1.497577e-05
1105 1.155398e-05
1106 1.681622e-05
1107 1.429106e-05
1108 7.823243e-06
1109 -7.632891e-07
1110 -1.914499e-04
1111 3.083900e-03
1112 1.138476e-03
1113 8.638478e-04
1114 -4.948649e-04
1115 1.236372e-03
1116 1.298531e-03
1117 2.914717e-05
1118 1.309121e-03
1119 8.614489e-05
1120 -2.255950e-04
1121 -2.558157e-04
1122 -2.542845e-04
1123 -1.021073e-04
1124 -4.730367e-05
1125 1.611813e-05
1126 -5.638538e-05
1127 9.861505e-06
1128 7.986605e-06
1129 -1.280137e-05
1130 -2.286344e-05
1131 6.572215e-05
1132 1.239484e-06
1133 -3.739734e-05
1134 -1.987910e-05
1135 1.239705e-06
1136 -2.409730e-06
1137 -3.877488e-06
1138 -1.957476e-06
1139 -2.746046e-06
1140 1.660728e-03
1141 1.131028e-03
1142 1.628623e-03
1143 1.762608e-03
1144 8.963683e-04
1145 1.974134e-04
1146 1.220683e-03
1147 4.273869e-05
1148 1.548951e-04
1149 -1.250331e-04
1150 2.776375e-04
1151 5.246620e-05
1152 1.092843e-04
1153 -2.152495e-04
1154 -1.883255e-04
1155 1.147673e-04
1156 -2.898372e-05
1157 6.719020e-05
1158 5.030081e-05
1159 -8.065219e-06
1160 6.913240e-05
1161 6.800040e-05
1162 1.520064e-05
1163 -1.102747e-06
1164 1.568029e-06
1165 2.543149e-05
1166 1.311034e-06
1167 2.804574e-08
1168 1.155601e-05
1169 1.113267e-05
1170 7.907728e-03
1171 3.331436e-03
1172 4.019787e-03
1173 6.198738e-03
1174 5.668032e-03
1175 2.141390e-03
1176 4.611183e-03
1177 1.788113e-03
1178 8.128371e-04
1179 4.968609e-04
1180 1.015467e-05
1181 5.836306e-04
1182 1.097928e-03
1183 5.121880e-04
1184 4.911369e-04
1185 2.308876e-04
1186 1.515820e-04
1187 1.256547e-04
1188 9.601157e-05
1189 1.674419e-05
1190 1.095812e-04
1191 4.677882e-05
1192 9.631172e-05
1193 6.491903e-05
1194 5.965002e-05
1195 3.040895e-05
1196 2.441116e-05
1197 6.399734e-07
1198 1.745959e-05
1199 -2.630426e-06
1200 4.786249e+00
1201 3.801295e+00
1202 3.052524e+00
1203 2.815700e+00
1204 2.291018e+00
1205 1.768350e+00
1206 1.468742e+00
1207 1.180110e+00
1208 9.043331e-01
1209 6.694726e-01
1210 5.749725e-01
1211 4.220256e-01
1212 3.243484e-01
1213 2.529017e-01
1214 1.984279e-01
1215 1.695158e-01
1216 1.352840e-01
1217 1.087514e-01
1218 8.981736e-02
1219 7.176303e-02
1220 5.587218e-02
1221 4.514245e-02
1222 4.188950e-02
1223 3.201701e-02
1224 2.218016e-02
1225 1.985238e-02
1226 1.659972e-02
1227 1.203382e-02
1228 7.729101e-03
1229 6.099985e-03
1230 3.602695e+00
1231 3.022217e+00
1232 2.373902e+00
1233 1.969200e+00
1234 1.614035e+00
1235 1.210820e+00
1236 9.677575e-01
1237 7.710261e-01
1238 5.917749e-01
1239 4.691516e-01
1240 3.570362e-01
1241 2.885213e-01
1242 2.269865e-01
1243 1.766733e-01
1244 1.493352e-01
1245 1.243994e-01
1246 1.034124e-01
1247 8.693800e-02
1248 7.221541e-02
1249 6.060231e-02
1250 4.977724e-02
1251 4.166051e-02
1252 3.360752e-02
1253 2.597456e-02
1254 1.862479e-02
1255 1.349982e-02
1256 1.014212e-02
1257 6.931125e-03
1258 3.706995e-03
1259 1.123646e-03
1260 2.631083e+00
1261 2.007495e+00
1262 1.720443e+00
1263 1.334196e+00
1264 1.044988e+00
1265 8.126604e-01
1266 6.396882e-01
1267 5.040198e-01
1268 3.777053e-01
1269 2.921658e-01
1270 2.214004e-01
1271 1.898278e-01
1272 1.620152e-01
1273 1.310592e-01
1274 1.081369e-01
1275 8.993794e-02
1276 7.749629e-02
1277 6.407075e-02
1278 5.370787e-02
1279 4.423526e-02
1280 3.604210e-02
1281 2.856998e-02
1282 2.050340e-02
1283 1.527397e-02
1284 1.144853e-02
1285 8.031086e-03
1286 4.367563e-03
1287 1.775619e-03
1288 2.092196e-03
1289 1.678123e-03
1290 3.088831e+00
1291 2.594583e+00
1292 1.951740e+00
1293 1.579961e+00
1294 1.136147e+00
1295 8.421699e-01
1296 6.151509e-01
1297 4.648847e-01
1298 3.602057e-01
1299 2.872326e-01
1300 2.626070e-01
1301 2.060285e-01
1302 1.756887e-01
1303 1.546096e-01
1304 1.212583e-01
1305 1.056257e-01
1306 8.284641e-02
1307 6.835412e-02
1308 5.762683e-02
1309 4.525296e-02
1310 3.695700e-02
1311 2.822138e-02
1312 2.034065e-02
1313 1.462782e-02
1314 1.053943e-02
1315 7.452384e-03
1316 4.849112e-03
1317 3.160846e-03
1318 5.327635e-04
1319 -8.392618e-04
1320 3.054535e+00
1321 2.558879e+00
1322 2.058320e+00
1323 1.127793e+00
1324 9.817949e-01
1325 6.315686e-01
1326 4.982920e-01
1327 4.511786e-01
1328 2.584377e-01
1329 2.092483e-01
1330 1.981596e-01
1331 2.094739e-01
1332 1.820125e-01
1333 1.402893e-01
1334 9.971040e-02
1335 1.028621e-01
1336 7.970961e-02
1337 6.449530e-02
1338 5.468634e-02
1339 3.893423e-02
1340 3.200040e-02
1341 2.118885e-02
1342 1.683397e-02
1343 1.360963e-02
1344 6.273290e-03
1345 2.771416e-03
1346 -1.449828e-03
1347 2.138089e-04
1348 1.512660e-03
1349 -8.076399e-04
1350 9.135171e-03
1351 4.857010e-04
1352 -1.328526e-03
1353 7.739195e-04
1354 1.732605e-03
1355 1.796849e-03
1356 1.803897e-03
1357 7.168760e-04
1358 1.446369e-03
1359 1.212734e-03
1360 1.792272e-03
1361 1.518087e-03
1362 1.489283e-03
1363 1.445136e-03
1364 1.599615e-03
1365 1.524691e-03
1366 1.476004e-03
1367 1.440188e-03
1368 1.357919e-03
1369 1.200145e-03
1370 1.019138e-03
1371 7.372149e-04
1372 4.686948e-04
1373 2.395635e-04
1374 1.887815e-04
1375 1.973736e-04
1376 1.256088e-04
1377 1.508068e-04
1378 1.480461e-04
1379 5.358067e-05
1380 1.431484e-03
1381 2.960340e-03
1382 1.673691e-03
1383 2.046120e-03
1384 2.479685e-03
1385 2.426492e-03
1386 2.832134e-03
1387 2.604504e-03
1388 2.098197e-03
1389 2.485085e-03
1390 2.608797e-03
1391 2.404632e-03
1392 2.397479e-03
1393 2.307257e-03
1394 2.337803e-03
1395 2.255848e-03
1396 2.114560e-03
1397 1.894211e-03
1398 1.597066e-03
1399 1.247671e-03
1400 7.920938e-04
1401 3.652165e-04
1402 1.176872e-04
1403 1.540529e-04
1404 3.025818e-04
1405 2.307483e-04
1406 9.296761e-05
1407 1.207113e-04
1408 3.308660e-05
1409 6.303218e-06
1410 1.737367e-03
1411 2.471719e-03
1412 3.093177e-03
1413 1.532447e-03
1414 1.988838e-03
1415 3.032150e-03
1416 2.126025e-03
1417 1.575007e-03
1418 1.396533e-03
1419 1.712744e-03
1420 2.008915e-03
1421 1.801459e-03
1422 1.763727e-03
1423 1.727085e-03
1424 1.740929e-03
1425 1.703808e-03
1426 1.577560e-03
1427 1.460393e-03
1428 1.249405e-03
1429 9.928812e-04
1430 6.737221e-04
1431 3.693284e-04
1432 1.777606e-04
1433 1.566106e-04
1434 1.757919e-04
1435 8.619277e-05
1436 5.532551e-05
1437 4.087202e-05
1438 1.740040e-05
1439 3.351267e-06
1440 6.152333e-03
1441 2.561009e-03
1442 2.129525e-03
1443 4.050408e-03
1444 3.266665e-03
1445 2.910897e-03
1446 2.622521e-03
1447 1.754612e-03
1448 2.945739e-03
1449 2.707329e-03
1450 2.608442e-03
1451 2.549999e-03
1452 2.624387e-03
1453 2.534989e-03
1454 2.520911e-03
1455 2.398801e-03
1456 2.249563e-03
1457 2.046583e-03
1458 1.715754e-03
1459 1.327971e-03
1460 8.460033e-04
1461 4.159027e-04
1462 2.012631e-04
1463 2.986296e-04
1464 4.118701e-04
1465 1.062214e-04
1466 2.532544e-05
1467 1.548580e-04
1468 -7.342802e-05
1469 -3.544655e-05
1470 -3.621853e-03
1471 4.333720e-03
1472 6.192606e-04
1473 2.128009e-03
1474 2.879865e-03
1475 2.878759e-03
1476 2.389209e-03
1477 5.117836e-04
1478 2.416338e-03
1479 2.641814e-03
1480 1.347375e-03
1481 1.697079e-03
1482 2.006921e-03
1483 1.777892e-03
1484 1.898144e-03
1485 1.614802e-03
1486 1.738280e-03
1487 1.630881e-03
1488 1.424361e-03
1489 1.157837e-03
1490 9.019939e-04
1491 5.527915e-04
1492 2.480359e-04
1493 1.765965e-04
1494 2.043050e-04
1495 1.771482e-04
1496 8.716931e-05
1497 9.617024e-05
1498 -1.579638e-05
1499 2.511268e-05
1500 -1.691811e-05
1501 -4.080625e-05
1502 4.268688e-05
1503 -2.120875e-05
1504 -1.708901e-05
1505 1.388017e-05
1506 3.139732e-06
1507 2.729448e-05
1508 3.754238e-06
1509 -2.205650e-06
1510 -8.089131e-06
1511 2.775770e-06
1512 3.695780e-06
1513 -5.121341e-06
1514 5.016725e-06
1515 -1.063958e-06
1516 2.794381e-06
1517 3.377343e-06
1518 5.192878e-06
1519 6.357071e-06
1520 8.311979e-06
1521 8.064739e-06
1522 6.029273e-06
1523 2.518859e-06
1524 1.002643e-06
1525 2.868126e-06
1526 3.060760e-07
1527 1.397291e-06
1528 5.776789e-07
1529 1.675413e-06
1530 -1.542700e-04
1531 -8.929576e-05
1532 -3.632204e-05
1533 1.043613e-04
1534 8.466196e-06
1535 3.306682e-05
1536 7.098352e-06
1537 -2.859513e-05
1538 -1.608583e-05
1539 -3.755667e-06
1540 1.058512e-05
1541 4.397307e-06
1542 3.486934e-07
1543 -8.136528e-07
1544 3.640766e-07
1545 -2.728390e-08
1546 -8.588983e-07
1547 5.361057e-07
1548 5.471750e-07
1549 8.626401e-08
1550 7.947527e-07
1551 1.299177e-06
1552 3.042704e-06
1553 4.116651e-06
1554 4.177007e-06
1555 3.592372e-06
1556 4.301354e-06
1557 2.093632e-06
1558 1.449887e-06
1559 1.417946e-06
1560 3.585331e-05
1561 4.988524e-05
1562 -2.882323e-05
1563 -1.373466e-05
1564 3.690510e-05
1565 -1.249328e-05
1566 -1.865190e-05
1567 1.084045e-05
1568 -1.193376e-05
1569 9.931943e-08
1570 -9.394903e-07
1571 1.300517e-06
1572 2.266367e-06
1573 -1.939237e-06
1574 3.620040e-06
1575 1.263584e-06
1576 3.652070e-06
1577 5.534466e-06
1578 8.239914e-06
1579 1.179781e-05
1580 1.574143e-05
1581 1.677658e-05
1582 1.434908e-05
1583 7.874779e-06
1584 3.440555e-06
1585 5.228745e-06
1586 4.583183e-06
1587 2.796548e-06
1588 2.767447e-06
1589 3.430900e-06
1590 8.873575e-05
1591 4.559523e-05
1592 -3.054116e-05
1593 3.810025e-05
1594 -5.104437e-05
1595 5.549082e-05
1596 1.747849e-07
1597 -1.836798e-05
1598 -2.542234e-05
1599 1.054594e-05
1600 -2.829072e-06
1601 -1.004419e-05
1602 1.038507e-05
1603 1.931718e-06
1604 -3.168912e-06
1605 5.788299e-06
1606 3.536448e-06
1607 5.060513e-06
1608 9.135417e-06
1609 1.249781e-05
1610 1.580411e-05
1611 1.793746e-05
1612 1.663529e-05
1613 1.135087e-05
1614 5.794452e-06
1615 7.513165e-06
1616 7.600539e-06
1617 3.531421e-06
1618 6.161950e-06
1619 3.407948e-07
1620 2.075666e-07
1621 2.110239e-07
1622 1.579656e-07
1623 1.090569e-07
1624 8.688483e-08
1625 7.169429e-08
1626 6.895764e-08
1627 5.834723e-08
1628 3.912822e-08
