3.000000000000000e+00 3.474727485372994e-07
3.214557915712819e+00 3.416915382783057e-07
3.444460864490648e+00 3.362731193187455e-07
3.690806312437145e+00 3.312242686192634e-07
3.954770215669222e+00 3.265188525579010e-07
4.237612633868262e+00 3.221351469730478e-07
4.540683745308624e+00 3.180509025102918e-07
4.865430292076790e+00 3.142428650003108e-07
5.213402486248126e+00 3.106840274782030e-07
5.586261409988602e+00 3.073737698866596e-07
5.985786944906638e+00 3.042980990050944e-07
6.413886268506697e+00 3.014273233019175e-07
6.872602958303320e+00 2.987510053939984e-07
7.364126747055092e+00 2.962571438225178e-07
7.890803975686145e+00 2.939354706893908e-07
8.455148793793359e+00 2.917578554767376e-07
9.059855161206047e+00 2.897661772754072e-07
9.707809707888847e+00 2.879330785103549e-07
1.040210551357595e+01 2.862156943668999e-07
1.114605687291518e+01 2.846251355685150e-07
1.194321511660492e+01 2.831764549214719e-07
1.279738556404778e+01 2.818294905799831e-07
1.371264568844625e+01 2.806001601471852e-07
1.469336458105338e+01 2.794970241283563e-07
1.574422380749317e+01 2.784987352115529e-07
1.687023975571047e+01 2.775721883640943e-07
1.807678758223073e+01 2.767606441541874e-07
1.936962687103966e+01 2.760453054999572e-07
2.075492912756810e+01 2.754355988728192e-07
2.223930723902753e+01 2.749631494113483e-07
2.382984704172844e+01 2.745442958346202e-07
2.553414114607129e+01 2.742059581974968e-07
2.736032518067729e+01 2.740185924445855e-07
2.931711662867432e+01 2.739493743593627e-07
3.141385644152698e+01 2.740027266367868e-07
3.366055362905890e+01 2.741964441926551e-07
3.606793303852239e+01 2.745421466074267e-07
3.864748655079400e+01 2.750965077722219e-07
4.141152793808653e+01 2.757508230416521e-07
4.437325164504621e+01 2.766471534046342e-07
4.754679577383340e+01 2.777719193543926e-07
5.094730957385232e+01 2.791508214317227e-07
5.459102575829949e+01 2.808183551471135e-07
5.849533799274136e+01 2.828202220417255e-07
6.267888392562115e+01 2.852040862513517e-07
6.716163415705016e+01 2.880295116142915e-07
7.196498757058468e+01 2.913667778735338e-07
7.711187348306589e+01 2.952922416593294e-07
8.262686110014498e+01 2.999051860555659e-07
8.853627679999155e+01 3.053195283632317e-07
9.486832980505137e+01 3.116753171320522e-07
1.016532468417608e+02 3.191383747864922e-07
1.089234164310305e+02 3.279081377450482e-07
1.167135434982842e+02 3.382205347144505e-07
1.250608150411006e+02 3.503669729796418e-07
1.340050776452890e+02 3.646954532520969e-07
1.435890276967915e+02 3.816194821155819e-07
1.538584151974095e+02 4.042347256850832e-07
1.648622621572873e+02 4.252235495783070e-07
1.766530966066768e+02 4.530933109382937e-07
1.892872033440580e+02 4.858463892951106e-07
2.028248926175944e+02 5.240444624418430e-07
2.173307880224970e+02 5.680255201081640e-07
2.328741349886074e+02 6.175851785260571e-07
2.495291313308014e+02 6.716365603337712e-07
2.673752814401236e+02 7.277386491417796e-07
2.864977758064309e+02 7.819142915508156e-07
3.069878976842262e+02 8.291100776471756e-07
3.289434588429556e+02 8.646456108925239e-07
3.524692664818589e+02 8.863260717954325e-07
3.776776235382504e+02 8.920699844301476e-07
4.046888647774961e+02 8.966516483262773e-07
4.336319312237786e+02 8.964035860792786e-07
4.646449856737445e+02 9.019089668894743e-07
4.978760722312681e+02 9.187043058188902e-07
5.334838230116770e+02 9.491184507975821e-07
5.716382153889741e+02 9.907045766739339e-07
6.125213834008591e+02 1.035906939535059e-06
6.563284871848658e+02 1.074951150684189e-06
7.032686445959771e+02 1.103508062216257e-06
7.535659294528741e+02 1.126564280381200e-06
8.074604411780745e+02 1.157607397523936e-06
8.652094509379821e+02 1.209291681755077e-06
9.270886297540770e+02 1.280965365942090e-06
9.933933644477737e+02 1.359158467169172e-06
1.064440167700726e+03 1.436051200271970e-06
1.140568188961684e+03 1.526766399474764e-06
1.222140833412338e+03 1.652250316710367e-06
1.309547496720498e+03 1.804082665129614e-06
1.403205423861595e+03 1.961753827606910e-06
1.503561700881816e+03 2.150585067593128e-06
1.611095389110759e+03 2.405911827746610e-06
1.726319812011471e+03 2.682905092128298e-06
1.849785005584447e+03 2.963960223837836e-06
1.982080344022788e+03 3.319118746590137e-06
2.123837353152415e+03 3.728034223215455e-06
2.275732725087551e+03 4.286507738931499e-06
2.438491548492297e+03 5.026517929955648e-06
2.612890769868242e+03 6.135163553322816e-06
2.799762902390973e+03 7.884505870175906e-06
3.000000000000001e+03 1.071124720823556e-05
