3.000000000000000000e+00 1.158242495124331306e-07
3.214557915712819014e+00 1.008836842903635665e-07
3.444460864490648255e+00 8.786416834719182941e-08
3.690806312437144854e+00 7.652677039454566424e-08
3.954770215669221933e+00 6.665357990874511151e-08
4.237612633868262257e+00 5.805551377278376704e-08
4.540683745308624175e+00 5.056756099205892940e-08
4.865430292076790231e+00 4.404577789551366665e-08
5.213402486248125633e+00 3.836437930197918059e-08
5.586261409988601656e+00 3.341693211042574532e-08
5.985786944906638318e+00 2.910868856840758628e-08
6.413886268506696631e+00 2.535569003827230954e-08
6.872602958303319909e+00 2.208664562286067217e-08
7.364126747055092181e+00 1.923919793848389936e-08
7.890803975686145222e+00 1.675906167979222202e-08
8.455148793793359374e+00 1.459798547082613035e-08
9.059855161206046503e+00 1.271729366693660985e-08
9.707809707888847228e+00 1.107974212796078867e-08
1.040210551357594859e+01 9.652662580732012610e-09
1.114605687291517633e+01 8.409625899945346914e-09
1.194321511660491808e+01 7.327464244724273441e-09
1.279738556404778116e+01 6.384521760857494482e-09
1.371264568844624598e+01 5.563343489618519581e-09
1.469336458105338217e+01 4.848415831100475636e-09
1.574422380749317441e+01 4.225683284768195335e-09
1.687023975571047174e+01 3.682852340837290865e-09
1.807678758223073245e+01 3.210242392243597924e-09
1.936962687103966374e+01 2.798569061920081556e-09
2.075492912756809716e+01 2.440063531076493012e-09
2.223930723902752860e+01 2.128090301610517687e-09
2.382984704172843848e+01 1.855996347774409222e-09
2.553414114607128838e+01 1.618864833109752571e-09
2.736032518067728603e+01 1.412562138782257738e-09
2.931711662867431656e+01 1.232880986914138879e-09
3.141385644152698475e+01 1.076373301275563886e-09
3.366055362905890291e+01 9.400805335656197343e-10
3.606793303852239063e+01 8.213899633105206596e-10
3.864748655079399953e+01 7.181384060054060763e-10
4.141152793808652888e+01 6.280173400756149667e-10
4.437325164504621000e+01 5.496231776104811895e-10
4.754679577383339506e+01 4.813561288329280895e-10
5.094730957385232273e+01 4.219049172089293565e-10
5.459102575829949444e+01 3.701344768698656311e-10
5.849533799274135504e+01 3.250620421491642804e-10
6.267888392562115030e+01 2.858242266363060478e-10
6.716163415705015893e+01 2.516724811241474016e-10
7.196498757058468243e+01 2.219546535948788647e-10
7.711187348306589229e+01 1.960982504526162590e-10
8.262686110014497842e+01 1.736108711739135096e-10
8.853627679999155475e+01 1.540615590142837394e-10
9.486832980505137414e+01 1.370774400815247260e-10
1.016532468417607618e+02 1.223334082106604731e-10
1.089234164310304607e+02 1.095470567125530955e-10
1.167135434982841815e+02 9.847189034664484979e-11
1.250608150411005681e+02 8.889591141616866337e-11
1.340050776452889636e+02 8.063414449051241462e-11
1.435890276967914758e+02 7.352481444761806936e-11
1.538584151974094993e+02 6.786370168362832488e-11
1.648622621572873470e+02 6.220258891963856747e-11
1.766530966066767689e+02 5.775021499549540926e-11
1.892872033440579571e+02 5.395455721271814008e-11
2.028248926175944291e+02 5.070486731471452070e-11
2.173307880224970461e+02 4.788413012823369370e-11
2.328741349886074374e+02 4.535794887606379139e-11
2.495291313308013628e+02 4.297489585016781609e-11
2.673752814401236151e+02 4.056688528910009601e-11
2.864977758064308659e+02 3.797199355787333900e-11
3.069878976842261977e+02 3.507658295400954805e-11
3.289434588429556356e+02 3.186671931006338093e-11
3.524692664818588810e+02 2.845644229889693121e-11
3.776776235382503728e+02 2.494985468508379961e-11
4.046888647774961214e+02 2.184587278556198861e-11
4.336319312237785653e+02 1.902482595012536140e-11
4.646449856737445430e+02 1.667425775980820000e-11
4.978760722312680969e+02 1.479523317987039297e-11
5.334838230116770319e+02 1.331449158745852208e-11
5.716382153889741176e+02 1.210605320589493851e-11
6.125213834008591220e+02 1.102629925211178802e-11
6.563284871848658213e+02 9.966553708835419744e-12
7.032686445959770936e+02 8.912014693747782397e-12
7.535659294528741157e+02 7.924968083913579945e-12
8.074604411780744613e+02 7.093184489718344154e-12
8.652094509379820693e+02 6.454266360268894002e-12
9.270886297540770329e+02 5.955067276641988686e-12
9.933933644477737062e+02 5.503647547642880262e-12
1.064440167700726306e+03 5.065001694717680445e-12
1.140568188961684200e+03 4.690395580944855133e-12
1.222140833412338225e+03 4.421179172592288755e-12
1.309547496720497520e+03 4.204771548589860368e-12
1.403205423861594909e+03 3.982470789613723279e-12
1.503561700881816478e+03 3.802641294571875611e-12
1.611095389110758788e+03 3.705336955991761828e-12
1.726319812011470503e+03 3.598912535003885476e-12
1.849785005584447390e+03 3.463021081819256911e-12
1.982080344022788040e+03 3.377701112943753997e-12
2.123837353152414835e+03 3.304402444493123566e-12
2.275732725087551444e+03 3.309255495505934401e-12
2.438491548492297170e+03 3.379921819623914339e-12
2.612890769868242387e+03 3.593167362321644248e-12
2.799762902390972613e+03 4.021951897435009178e-12
3.000000000000000909e+03 4.758967992107321610e-12
