0.000000e+00 8.486391e-03 3.409182e-03 4.237383e-03 3.801095e-03 3.194362e-03 3.913027e-03
1.000000e-02 9.731811e-03 3.851332e-03 4.308822e-03 4.748100e-03 3.631510e-03 4.740971e-03
2.000000e-02 1.132700e-02 4.236426e-03 4.264898e-03 5.444878e-03 4.223213e-03 5.145613e-03
3.000000e-02 1.376592e-02 4.993336e-03 4.244576e-03 6.029741e-03 4.881605e-03 6.047926e-03
4.000000e-02 1.726469e-02 5.655708e-03 4.363793e-03 6.705875e-03 5.429153e-03 7.161380e-03
5.000000e-02 2.152736e-02 6.189677e-03 4.545668e-03 7.654439e-03 6.169335e-03 8.022213e-03
6.000000e-02 2.735144e-02 6.410151e-03 4.581102e-03 8.642520e-03 6.569060e-03 9.032188e-03
7.000000e-02 3.542704e-02 7.178234e-03 5.049546e-03 9.405254e-03 7.138717e-03 1.029423e-02
8.000000e-02 4.690890e-02 7.938457e-03 5.457832e-03 1.028841e-02 7.883514e-03 1.154590e-02
9.000000e-02 6.559463e-02 8.898767e-03 5.977373e-03 1.056669e-02 8.461195e-03 1.264397e-02
1.000000e-01 9.815252e-02 1.116946e-02 6.611192e-03 1.061473e-02 9.652159e-03 1.429203e-02
1.100000e-01 1.535728e-01 1.403881e-02 7.149188e-03 1.047589e-02 1.214886e-02 1.580026e-02
1.200000e-01 2.468942e-01 1.940659e-02 8.259524e-03 1.032965e-02 1.449030e-02 1.760583e-02
1.300000e-01 3.928435e-01 2.675942e-02 9.460542e-03 1.050514e-02 1.578616e-02 1.887791e-02
1.400000e-01 5.772107e-01 3.792387e-02 1.116486e-02 1.090183e-02 1.647170e-02 2.094090e-02
1.500000e-01 7.794626e-01 5.471696e-02 1.349297e-02 1.157384e-02 1.738321e-02 2.312801e-02
1.600000e-01 1.021644e+00 7.709773e-02 1.570362e-02 1.241783e-02 1.860086e-02 2.535033e-02
1.700000e-01 1.349197e+00 1.055318e-01 1.889799e-02 1.318751e-02 1.916155e-02 2.740758e-02
1.800000e-01 1.820647e+00 1.400745e-01 2.233914e-02 1.279029e-02 1.917972e-02 2.987231e-02
1.900000e-01 2.459693e+00 1.809855e-01 2.716678e-02 1.296819e-02 1.932474e-02 3.173785e-02
2.000000e-01 3.201217e+00 2.247272e-01 3.336797e-02 1.362104e-02 1.921173e-02 3.229984e-02
2.100000e-01 3.832744e+00 2.685268e-01 3.955226e-02 1.482170e-02 1.842942e-02 3.350109e-02
2.200000e-01 4.289160e+00 3.140244e-01 4.776149e-02 1.597952e-02 1.823097e-02 3.502835e-02
2.300000e-01 4.539855e+00 3.637069e-01 5.591642e-02 1.743063e-02 1.778183e-02 3.645736e-02
2.400000e-01 4.623285e+00 4.136776e-01 6.609778e-02 1.874791e-02 1.693936e-02 3.825367e-02
2.500000e-01 4.596731e+00 4.627925e-01 7.703505e-02 2.060284e-02 1.614541e-02 3.905495e-02
2.600000e-01 4.555645e+00 5.170098e-01 8.813314e-02 2.266206e-02 1.620090e-02 3.879224e-02
2.700000e-01 4.536373e+00 5.728119e-01 1.003784e-01 2.507079e-02 1.658002e-02 3.824851e-02
2.800000e-01 4.542789e+00 6.417669e-01 1.133826e-01 2.757683e-02 1.628090e-02 3.747711e-02
2.900000e-01 4.562008e+00 7.220355e-01 1.257379e-01 2.967481e-02 1.600878e-02 3.659129e-02
3.000000e-01 4.541270e+00 8.104053e-01 1.375236e-01 3.182322e-02 1.558438e-02 3.552819e-02
3.100000e-01 4.510574e+00 9.005901e-01 1.499261e-01 3.422059e-02 1.597766e-02 3.506887e-02
3.200000e-01 4.424936e+00 1.008731e+00 1.634681e-01 3.693685e-02 1.629084e-02 3.384492e-02
3.300000e-01 4.251283e+00 1.138528e+00 1.763112e-01 3.926605e-02 1.743265e-02 3.453701e-02
3.400000e-01 4.008390e+00 1.288989e+00 1.881946e-01 4.195535e-02 1.840535e-02 3.599880e-02
3.500000e-01 3.698809e+00 1.453171e+00 1.972698e-01 4.318460e-02 1.977235e-02 3.766516e-02
3.600000e-01 3.335458e+00 1.634417e+00 2.062616e-01 4.508367e-02 2.198042e-02 3.953729e-02
3.700000e-01 2.928401e+00 1.816643e+00 2.151529e-01 4.724418e-02 2.436124e-02 4.118955e-02
3.800000e-01 2.521715e+00 2.044082e+00 2.226991e-01 4.978165e-02 2.790204e-02 4.207405e-02
3.900000e-01 2.138172e+00 2.363391e+00 2.302975e-01 5.198715e-02 3.098024e-02 4.221890e-02
4.000000e-01 1.778948e+00 2.880405e+00 2.361134e-01 5.416503e-02 3.308931e-02 4.137778e-02
4.100000e-01 1.516635e+00 3.501927e+00 2.426361e-01 5.665134e-02 3.523458e-02 4.019754e-02
4.200000e-01 1.307789e+00 4.248865e+00 2.488502e-01 5.947884e-02 3.599257e-02 4.078836e-02
4.300000e-01 1.117221e+00 4.919848e+00 2.560068e-01 6.172790e-02 3.557490e-02 4.259051e-02
4.400000e-01 9.408965e-01 5.345945e+00 2.657593e-01 6.479527e-02 3.503637e-02 4.470839e-02
4.500000e-01 7.761758e-01 5.582672e+00 2.780017e-01 6.798567e-02 3.566645e-02 4.757738e-02
4.600000e-01 6.445023e-01 5.720031e+00 2.949503e-01 7.168833e-02 3.703859e-02 5.262902e-02
4.700000e-01 5.421297e-01 5.798855e+00 3.194429e-01 7.462347e-02 3.896122e-02 5.734616e-02
4.800000e-01 4.554065e-01 5.814283e+00 3.580774e-01 7.622265e-02 4.167063e-02 6.047517e-02
4.900000e-01 3.804094e-01 5.744074e+00 4.202003e-01 7.789849e-02 4.430357e-02 6.391816e-02
5.000000e-01 3.157156e-01 5.570844e+00 5.186461e-01 8.051632e-02 4.663862e-02 6.572905e-02
5.100000e-01 2.621790e-01 5.261526e+00 6.868451e-01 8.321762e-02 4.954927e-02 6.713982e-02
5.200000e-01 2.187302e-01 4.800937e+00 9.893829e-01 8.704897e-02 5.379243e-02 6.915522e-02
5.300000e-01 1.824691e-01 4.140157e+00 1.504343e+00 9.181398e-02 5.742046e-02 7.185913e-02
5.400000e-01 1.482938e-01 3.265195e+00 2.316056e+00 9.907679e-02 6.066675e-02 7.479386e-02
5.500000e-01 1.165162e-01 2.195458e+00 3.393221e+00 1.089563e-01 6.459662e-02 7.882272e-02
5.600000e-01 9.184581e-02 1.435042e+00 4.178601e+00 1.215904e-01 6.790108e-02 8.247148e-02
5.700000e-01 7.200480e-02 9.584268e-01 4.741399e+00 1.392120e-01 7.356938e-02 8.705701e-02
5.800000e-01 5.701305e-02 6.774479e-01 5.133037e+00 1.609513e-01 7.945003e-02 9.108410e-02
5.900000e-01 4.509617e-02 4.987544e-01 5.442997e+00 1.909142e-01 8.581323e-02 9.595504e-02
6.000000e-01 3.636302e-02 3.706003e-01 5.698938e+00 2.329552e-01 9.068657e-02 1.018641e-01
6.100000e-01 2.874617e-02 2.799050e-01 5.891196e+00 2.925426e-01 9.885550e-02 1.082570e-01
6.200000e-01 2.304019e-02 2.159824e-01 5.997628e+00 3.831575e-01 1.102885e-01 1.145417e-01
6.300000e-01 1.885369e-02 1.699117e-01 6.010992e+00 5.201253e-01 1.202886e-01 1.228777e-01
6.400000e-01 1.517184e-02 1.343313e-01 5.935716e+00 7.254318e-01 1.312138e-01 1.334934e-01
6.500000e-01 1.244048e-02 1.063871e-01 5.757153e+00 1.018446e+00 1.463559e-01 1.439596e-01
6.600000e-01 1.041724e-02 8.602778e-02 5.443596e+00 1.414920e+00 1.635671e-01 1.534622e-01
6.700000e-01 9.006186e-03 7.226211e-02 4.969860e+00 1.909313e+00 1.854060e-01 1.623960e-01
6.800000e-01 7.712148e-03 6.118998e-02 4.346853e+00 2.477847e+00 2.155426e-01 1.733809e-01
6.900000e-01 6.826331e-03 5.120471e-02 3.638423e+00 3.075650e+00 2.528835e-01 1.842860e-01
7.000000e-01 5.994251e-03 4.375557e-02 2.886723e+00 3.701718e+00 2.970928e-01 2.005874e-01
7.100000e-01 5.114704e-03 3.721278e-02 2.226960e+00 4.252237e+00 3.475732e-01 2.195921e-01
7.200000e-01 4.308342e-03 3.127470e-02 1.659067e+00 4.734254e+00 4.050366e-01 2.424633e-01
7.300000e-01 3.660447e-03 2.693641e-02 1.197098e+00 5.122818e+00 4.751025e-01 2.713886e-01
7.400000e-01 3.221559e-03 2.246267e-02 8.495314e-01 5.420127e+00 5.664797e-01 3.056385e-01
7.500000e-01 3.116732e-03 1.907718e-02 5.902216e-01 5.614213e+00 6.895131e-01 3.440511e-01
7.600000e-01 3.123422e-03 1.645315e-02 4.093768e-01 5.710548e+00 8.513242e-01 3.860012e-01
7.700000e-01 2.814561e-03 1.453380e-02 2.869666e-01 5.710346e+00 1.067452e+00 4.384080e-01
7.800000e-01 2.383065e-03 1.315326e-02 2.143823e-01 5.625309e+00 1.339479e+00 4.975664e-01
7.900000e-01 1.933413e-03 1.196199e-02 1.678680e-01 5.453795e+00 1.689501e+00 5.592473e-01
8.000000e-01 1.493534e-03 1.013088e-02 1.356681e-01 5.182238e+00 2.139791e+00 6.358634e-01
8.100000e-01 1.268323e-03 8.490370e-03 1.121953e-01 4.811176e+00 2.689461e+00 7.272401e-01
8.200000e-01 1.178808e-03 7.356577e-03 9.530559e-02 4.327342e+00 3.304333e+00 8.301678e-01
8.300000e-01 1.099558e-03 6.386571e-03 8.243438e-02 3.777837e+00 3.960762e+00 9.468853e-01
8.400000e-01 1.163436e-03 5.784801e-03 7.104069e-02 3.185282e+00 4.631104e+00 1.078083e+00
8.500000e-01 1.111197e-03 5.344932e-03 6.167080e-02 2.603590e+00 5.246677e+00 1.232419e+00
8.600000e-01 9.660065e-04 4.696816e-03 5.449637e-02 2.099643e+00 5.717284e+00 1.418710e+00
8.700000e-01 9.070863e-04 4.157684e-03 4.953490e-02 1.669914e+00 6.022876e+00 1.669253e+00
8.800000e-01 8.869880e-04 3.793561e-03 4.479312e-02 1.313068e+00 6.134005e+00 1.989207e+00
8.900000e-01 9.863461e-04 3.576519e-03 4.045522e-02 1.021682e+00 6.024745e+00 2.356046e+00
9.000000e-01 1.209230e-03 3.342481e-03 3.515251e-02 7.845148e-01 5.756038e+00 2.762136e+00
9.100000e-01 1.459642e-03 3.190393e-03 3.089902e-02 5.943345e-01 5.353234e+00 3.175879e+00
9.200000e-01 1.691804e-03 3.106007e-03 2.648931e-02 4.530296e-01 4.861135e+00 3.569108e+00
9.300000e-01 1.857447e-03 3.036161e-03 2.312656e-02 3.475773e-01 4.318498e+00 3.911658e+00
9.400000e-01 1.801171e-03 3.086607e-03 2.040372e-02 2.675201e-01 3.775642e+00 4.194369e+00
9.500000e-01 1.644533e-03 2.986613e-03 1.820693e-02 2.085129e-01 3.255456e+00 4.384052e+00
9.600000e-01 1.371092e-03 3.150387e-03 1.627848e-02 1.622607e-01 2.770972e+00 4.469096e+00
9.700000e-01 1.000089e-03 3.280083e-03 1.487316e-02 1.284101e-01 2.326259e+00 4.477428e+00
9.800000e-01 7.511555e-04 3.438674e-03 1.384958e-02 1.043470e-01 1.932265e+00 4.420846e+00
9.900000e-01 5.823167e-04 3.416722e-03 1.262646e-02 8.693534e-02 1.580588e+00 4.310694e+00
1.000000e+00 4.621221e-04 3.234906e-03 1.188617e-02 7.328964e-02 1.283706e+00 4.150616e+00
1.010000e+00 3.834990e-04 2.971962e-03 1.111526e-02 6.280340e-02 1.046703e+00 3.951509e+00
1.020000e+00 3.788734e-04 2.781974e-03 1.053622e-02 5.447109e-02 8.474399e-01 3.735505e+00
1.030000e+00 3.430116e-04 2.619991e-03 9.994306e-03 4.788803e-02 6.847332e-01 3.504324e+00
1.040000e+00 3.217915e-04 2.368058e-03 9.723520e-03 4.328786e-02 5.456770e-01 3.254650e+00
1.050000e+00 3.531679e-04 2.399042e-03 9.077983e-03 3.941448e-02 4.368417e-01 2.972742e+00
1.060000e+00 3.558325e-04 2.438031e-03 8.492760e-03 3.605360e-02 3.532086e-01 2.681061e+00
1.070000e+00 3.712319e-04 2.665033e-03 8.304291e-03 3.310845e-02 2.879732e-01 2.372933e+00
1.080000e+00 3.643093e-04 2.981163e-03 8.086025e-03 3.039892e-02 2.389525e-01 2.068820e+00
1.090000e+00 3.368930e-04 3.487067e-03 7.760824e-03 2.728241e-02 2.000149e-01 1.763924e+00
1.100000e+00 3.302779e-04 3.884063e-03 7.510008e-03 2.484122e-02 1.699075e-01 1.471797e+00
1.110000e+00 3.578164e-04 4.246972e-03 7.184466e-03 2.327157e-02 1.469982e-01 1.218982e+00
1.120000e+00 3.418887e-04 4.506538e-03 6.818268e-03 2.179055e-02 1.272035e-01 1.012114e+00
1.130000e+00 3.432200e-04 4.489142e-03 6.182684e-03 2.023981e-02 1.111714e-01 8.380868e-01
1.140000e+00 3.207101e-04 3.999294e-03 5.612411e-03 1.887274e-02 9.733551e-02 6.970372e-01
1.150000e+00 2.582428e-04 3.282831e-03 5.202419e-03 1.749828e-02 8.412371e-02 5.829250e-01
1.160000e+00 2.234585e-04 2.379375e-03 4.859312e-03 1.590324e-02 7.011782e-02 4.887134e-01
1.170000e+00 2.308172e-04 1.898411e-03 4.537044e-03 1.445916e-02 5.783903e-02 4.128309e-01
1.180000e+00 2.260450e-04 1.601372e-03 4.238409e-03 1.293660e-02 4.856413e-02 3.480946e-01
1.190000e+00 1.999839e-04 1.339285e-03 3.938561e-03 1.154513e-02 4.187723e-02 2.998109e-01
1.200000e+00 2.048853e-04 1.219755e-03 3.573658e-03 1.039417e-02 3.634486e-02 2.574296e-01
1.210000e+00 2.410417e-04 1.099961e-03 3.412491e-03 1.016585e-02 3.273588e-02 2.216199e-01
1.220000e+00 2.291535e-04 1.070602e-03 3.248439e-03 1.005879e-02 2.948642e-02 1.906890e-01
1.230000e+00 1.764685e-04 9.969349e-04 3.089271e-03 1.012555e-02 2.635997e-02 1.623189e-01
1.240000e+00 1.233097e-04 8.263278e-04 2.831812e-03 9.846642e-03 2.401487e-02 1.393888e-01
1.250000e+00 1.027220e-04 7.605952e-04 2.379285e-03 9.465683e-03 2.201873e-02 1.218249e-01
1.260000e+00 9.988340e-05 6.702793e-04 2.038387e-03 9.036293e-03 2.042095e-02 1.074738e-01
1.270000e+00 9.165932e-05 6.018700e-04 1.777871e-03 8.429606e-03 1.920342e-02 9.743320e-02
1.280000e+00 7.062969e-05 6.122499e-04 1.508566e-03 8.157941e-03 1.820626e-02 8.944290e-02
1.290000e+00 7.856240e-05 5.366721e-04 1.362587e-03 7.682532e-03 1.731718e-02 8.272559e-02
1.300000e+00 8.938423e-05 5.616460e-04 1.304114e-03 7.287664e-03 1.707220e-02 7.605840e-02
1.310000e+00 8.879022e-05 5.548948e-04 1.313938e-03 6.907505e-03 1.679973e-02 7.103470e-02
1.320000e+00 7.827890e-05 5.461723e-04 1.242094e-03 6.462633e-03 1.569140e-02 6.688075e-02
1.330000e+00 7.789716e-05 5.394594e-04 1.278538e-03 6.180744e-03 1.475952e-02 6.373562e-02
1.340000e+00 8.841805e-05 5.439869e-04 1.341863e-03 5.888757e-03 1.290068e-02 6.012996e-02
1.350000e+00 7.949743e-05 5.198527e-04 1.311080e-03 5.193275e-03 1.174402e-02 5.569704e-02
1.360000e+00 9.025216e-05 5.591463e-04 1.404618e-03 4.530114e-03 1.045295e-02 5.201266e-02
1.370000e+00 9.804336e-05 5.135193e-04 1.359130e-03 4.092635e-03 9.501085e-03 4.846432e-02
1.380000e+00 9.334246e-05 4.700217e-04 1.414442e-03 3.797766e-03 8.467992e-03 4.536655e-02
1.390000e+00 7.659782e-05 3.824060e-04 1.512458e-03 3.552921e-03 7.558932e-03 4.257725e-02
1.400000e+00 8.484005e-05 4.077727e-04 1.710788e-03 3.296447e-03 7.497903e-03 4.031790e-02
1.410000e+00 9.048515e-05 3.514415e-04 1.956693e-03 3.075497e-03 7.175988e-03 3.760755e-02
1.420000e+00 6.389638e-05 3.261127e-04 1.924872e-03 2.551946e-03 7.022123e-03 3.444975e-02
1.430000e+00 5.846173e-05 3.408482e-04 1.907372e-03 2.446296e-03 6.912263e-03 3.140089e-02
1.440000e+00 7.002814e-05 3.180306e-04 1.892105e-03 2.326124e-03 6.602894e-03 2.827545e-02
1.450000e+00 6.558936e-05 2.927786e-04 1.758246e-03 2.448530e-03 6.140203e-03 2.518324e-02
1.460000e+00 5.218441e-05 2.727737e-04 1.645971e-03 2.598050e-03 5.743226e-03 2.293292e-02
1.470000e+00 6.182480e-05 2.690566e-04 1.702326e-03 2.723645e-03 5.252006e-03 2.080802e-02
1.480000e+00 6.429782e-05 2.262788e-04 1.764539e-03 2.730478e-03 5.025900e-03 1.924304e-02
1.490000e+00 5.629318e-05 2.426069e-04 1.941707e-03 2.800990e-03 4.742737e-03 1.775723e-02
1.500000e+00 6.332312e-05 2.253211e-04 1.918545e-03 2.787090e-03 4.580612e-03 1.635780e-02
1.510000e+00 5.196466e-05 2.198855e-04 1.832686e-03 2.753171e-03 4.200847e-03 1.477222e-02
1.520000e+00 5.931942e-05 2.073987e-04 1.488572e-03 2.819772e-03 3.940709e-03 1.351184e-02
1.530000e+00 7.750269e-05 2.488056e-04 1.243389e-03 2.965004e-03 3.793910e-03 1.254038e-02
1.540000e+00 7.118643e-05 1.752010e-04 9.786320e-04 3.124171e-03 3.559081e-03 1.142576e-02
1.550000e+00 9.554699e-05 2.812761e-04 8.051728e-04 3.298309e-03 3.358286e-03 1.023506e-02
1.560000e+00 7.788512e-05 1.508073e-04 6.241692e-04 3.720421e-03 3.098347e-03 9.317127e-03
1.570000e+00 6.814381e-05 2.240239e-04 5.587869e-04 4.165201e-03 3.030251e-03 8.194942e-03
1.580000e+00 1.128190e-04 3.976748e-04 6.754729e-04 4.859592e-03 2.926199e-03 7.275829e-03
