0.000000e+00 1.335063e-05 1.295772e-05 9.223729e-06 2.477003e-05
1.000000e-02 7.883855e-04 1.862990e-04 4.154468e-05 1.096711e-04
2.000000e-02 1.607477e-03 2.936541e-04 7.369631e-05 2.068646e-04
3.000000e-02 2.312285e-03 4.144339e-04 1.108876e-04 2.846817e-04
4.000000e-02 3.028549e-03 5.702221e-04 1.461295e-04 3.339226e-04
5.000000e-02 4.901271e-03 9.307101e-04 2.206807e-04 4.084033e-04
6.000000e-02 1.103130e-02 1.458866e-03 3.328064e-04 5.212751e-04
7.000000e-02 1.200281e-02 1.727382e-03 3.943047e-04 5.318501e-04
8.000000e-02 1.189775e-02 1.753108e-03 4.296484e-04 5.074430e-04
9.000000e-02 1.210289e-02 1.733801e-03 4.593441e-04 4.893466e-04
1.000000e-01 1.359094e-02 1.839724e-03 4.937508e-04 4.812595e-04
1.100000e-01 1.645944e-02 2.072137e-03 5.395597e-04 4.716556e-04
1.200000e-01 1.759808e-02 2.171661e-03 5.717553e-04 4.587571e-04
1.300000e-01 1.774046e-02 2.154951e-03 5.969011e-04 4.475921e-04
1.400000e-01 1.834076e-02 2.233105e-03 6.326646e-04 4.906106e-04
1.500000e-01 2.038098e-02 3.174134e-03 7.845711e-04 6.424221e-04
1.600000e-01 2.384496e-02 4.816964e-03 1.037224e-03 8.896596e-04
1.700000e-01 2.597634e-02 5.577831e-03 1.133397e-03 1.062389e-03
1.800000e-01 2.638636e-02 5.540394e-03 1.148337e-03 1.106844e-03
1.900000e-01 2.659871e-02 5.547759e-03 1.163455e-03 1.097091e-03
2.000000e-01 2.707118e-02 5.929566e-03 1.192458e-03 1.064716e-03
2.100000e-01 2.765134e-02 6.592032e-03 1.240455e-03 1.003866e-03
2.200000e-01 2.803161e-02 7.273065e-03 1.273755e-03 9.672960e-04
2.300000e-01 2.832132e-02 7.595789e-03 1.294358e-03 9.603818e-04
2.400000e-01 2.828270e-02 7.850344e-03 1.309177e-03 9.738612e-04
2.500000e-01 2.757770e-02 8.672866e-03 1.326706e-03 1.051330e-03
2.600000e-01 2.642241e-02 9.784215e-03 1.356581e-03 1.180525e-03
2.700000e-01 2.551372e-02 1.044928e-02 1.377566e-03 1.238257e-03
2.800000e-01 2.512144e-02 1.059271e-02 1.395033e-03 1.236378e-03
2.900000e-01 2.451498e-02 1.106823e-02 1.457366e-03 1.244989e-03
3.000000e-01 2.354955e-02 1.281145e-02 1.645687e-03 1.351761e-03
3.100000e-01 2.231643e-02 1.502187e-02 1.882481e-03 1.573087e-03
3.200000e-01 2.138434e-02 1.662945e-02 2.076621e-03 1.700705e-03
3.300000e-01 2.095905e-02 1.702654e-02 2.153417e-03 1.711400e-03
3.400000e-01 2.094250e-02 1.747180e-02 2.219524e-03 1.698587e-03
3.500000e-01 2.086409e-02 1.879942e-02 2.318337e-03 1.801920e-03
3.600000e-01 2.069605e-02 2.052011e-02 2.373216e-03 2.089590e-03
3.700000e-01 2.034345e-02 2.193400e-02 2.382147e-03 2.252381e-03
3.800000e-01 1.973356e-02 2.243676e-02 2.398615e-03 2.281950e-03
3.900000e-01 1.879975e-02 2.264344e-02 2.454759e-03 2.290052e-03
4.000000e-01 1.777715e-02 2.275045e-02 2.798849e-03 2.447795e-03
4.100000e-01 1.656908e-02 2.269238e-02 3.354129e-03 2.969799e-03
4.200000e-01 1.533881e-02 2.263785e-02 3.606422e-03 3.162348e-03
4.300000e-01 1.441382e-02 2.270558e-02 3.596731e-03 3.167935e-03
4.400000e-01 1.356052e-02 2.304193e-02 3.562117e-03 3.169550e-03
4.500000e-01 1.264660e-02 2.335935e-02 3.754448e-03 3.252259e-03
4.600000e-01 1.140359e-02 2.334493e-02 4.413752e-03 3.515951e-03
4.700000e-01 1.003785e-02 2.318087e-02 4.803161e-03 3.586165e-03
4.800000e-01 9.582804e-03 2.297748e-02 4.870992e-03 3.581293e-03
4.900000e-01 9.157321e-03 2.269219e-02 4.872256e-03 3.605581e-03
5.000000e-01 8.901109e-03 2.194311e-02 5.485349e-03 3.875468e-03
5.100000e-01 8.627830e-03 2.061408e-02 7.620122e-03 4.603490e-03
5.200000e-01 8.459145e-03 2.010627e-02 8.303087e-03 4.841704e-03
5.300000e-01 8.443802e-03 2.003061e-02 8.344307e-03 4.835688e-03
5.400000e-01 8.360859e-03 1.994134e-02 8.372498e-03 4.827629e-03
5.500000e-01 7.480692e-03 1.936063e-02 9.435762e-03 5.040044e-03
5.600000e-01 5.730530e-03 1.755627e-02 1.332435e-02 5.669127e-03
5.700000e-01 4.673036e-03 1.692273e-02 1.433366e-02 5.910724e-03
5.800000e-01 4.444076e-03 1.684664e-02 1.429618e-02 5.922599e-03
5.900000e-01 4.370962e-03 1.684347e-02 1.431827e-02 5.909131e-03
6.000000e-01 3.937594e-03 1.615433e-02 1.536449e-02 6.053004e-03
6.100000e-01 2.848167e-03 1.369833e-02 1.836378e-02 6.653938e-03
6.200000e-01 2.384337e-03 1.304567e-02 1.916007e-02 6.849224e-03
6.300000e-01 2.337500e-03 1.305994e-02 1.917708e-02 6.845166e-03
6.400000e-01 2.329078e-03 1.304998e-02 1.919734e-02 6.830900e-03
6.500000e-01 2.205943e-03 1.215013e-02 1.988955e-02 6.711240e-03
6.600000e-01 1.855529e-03 9.395367e-03 2.202645e-02 6.255202e-03
6.700000e-01 1.731788e-03 8.579880e-03 2.267858e-02 6.149919e-03
6.800000e-01 1.734472e-03 8.536935e-03 2.270922e-02 6.146849e-03
6.900000e-01 1.711117e-03 8.533331e-03 2.265524e-02 6.144068e-03
7.000000e-01 1.399846e-03 7.981188e-03 2.270357e-02 6.383658e-03
7.100000e-01 6.576696e-04 6.152626e-03 2.291009e-02 7.475962e-03
7.200000e-01 3.999006e-04 5.576532e-03 2.293589e-02 7.724658e-03
7.300000e-01 3.883605e-04 5.576009e-03 2.288598e-02 7.716683e-03
7.400000e-01 3.904806e-04 5.570770e-03 2.287749e-02 7.719858e-03
7.500000e-01 3.593459e-04 5.103404e-03 2.273484e-02 7.939217e-03
7.600000e-01 2.815591e-04 3.667036e-03 2.203205e-02 8.986712e-03
7.700000e-01 2.543680e-04 3.248883e-03 2.186783e-02 9.223100e-03
7.800000e-01 2.547839e-04 3.235964e-03 2.183128e-02 9.220004e-03
7.900000e-01 2.565743e-04 3.212786e-03 2.179067e-02 9.220829e-03
8.000000e-01 2.290645e-04 2.992213e-03 2.159583e-02 9.874089e-03
8.100000e-01 1.576406e-04 2.462124e-03 2.074566e-02 1.289193e-02
8.200000e-01 1.234247e-04 2.269861e-03 2.054502e-02 1.356540e-02
8.300000e-01 1.189764e-04 2.265254e-03 2.050461e-02 1.355160e-02
8.400000e-01 1.158820e-04 2.250904e-03 2.046399e-02 1.352328e-02
8.500000e-01 7.681642e-05 2.097217e-03 1.970185e-02 1.363141e-02
8.600000e-01 -2.212695e-05 1.728725e-03 1.655184e-02 1.414996e-02
8.700000e-01 -6.586598e-05 1.573336e-03 1.590297e-02 1.427483e-02
8.800000e-01 -6.771414e-05 1.566199e-03 1.585098e-02 1.425312e-02
8.900000e-01 -6.460317e-05 1.557387e-03 1.577653e-02 1.424187e-02
9.000000e-01 -4.597607e-05 1.482026e-03 1.547629e-02 1.518897e-02
9.100000e-01 -9.720064e-06 1.328415e-03 1.430612e-02 1.888964e-02
9.200000e-01 6.029904e-06 1.255395e-03 1.387804e-02 1.985399e-02
9.300000e-01 1.035751e-05 1.255636e-03 1.385012e-02 1.984904e-02
9.400000e-01 1.348402e-05 1.257255e-03 1.379251e-02 1.983822e-02
9.500000e-01 1.668379e-05 1.260289e-03 1.295443e-02 1.986302e-02
9.600000e-01 3.171849e-05 1.271277e-03 9.840841e-03 2.014673e-02
9.700000e-01 4.256317e-05 1.274213e-03 8.992802e-03 2.019186e-02
9.800000e-01 4.882477e-05 1.268465e-03 8.941562e-03 2.020560e-02
9.900000e-01 5.462463e-05 1.230040e-03 8.962654e-03 2.017480e-02
1.000000e+00 3.684657e-05 1.114895e-03 7.762793e-03 1.875458e-02
1.010000e+00 -1.770850e-05 9.104712e-04 4.160744e-03 1.244704e-02
1.020000e+00 -3.669625e-05 7.670943e-04 3.251433e-03 1.103066e-02
1.030000e+00 -3.277608e-05 7.484885e-04 3.208032e-03 1.101597e-02
1.040000e+00 -2.723187e-05 7.398066e-04 3.172155e-03 1.100765e-02
1.050000e+00 -1.701889e-05 7.149033e-04 2.838260e-03 1.076393e-02
1.060000e+00 -4.992694e-08 6.711792e-04 1.800480e-03 9.630589e-03
1.070000e+00 8.134802e-06 6.294216e-04 1.499348e-03 9.335889e-03
1.080000e+00 1.038744e-05 6.249306e-04 1.480566e-03 9.326265e-03
1.090000e+00 1.196683e-05 6.504782e-04 1.471387e-03 9.324639e-03
1.100000e+00 1.523049e-05 7.062460e-04 1.426351e-03 9.653400e-03
1.110000e+00 2.114131e-05 7.986753e-04 1.280686e-03 1.128185e-02
1.120000e+00 2.389187e-05 8.780439e-04 1.240219e-03 1.166465e-02
1.130000e+00 2.430606e-05 8.987829e-04 1.233126e-03 1.166205e-02
1.140000e+00 2.510082e-05 8.954161e-04 1.223287e-03 1.165170e-02
1.150000e+00 3.365499e-05 8.844592e-04 1.093660e-03 1.130645e-02
1.160000e+00 5.448699e-05 8.605464e-04 7.007611e-04 9.606178e-03
1.170000e+00 6.373223e-05 8.508211e-04 5.929932e-04 9.217972e-03
1.180000e+00 6.549696e-05 8.474975e-04 5.861538e-04 9.216409e-03
1.190000e+00 6.653674e-05 8.518402e-04 5.803188e-04 9.202347e-03
1.200000e+00 6.505993e-05 8.787655e-04 5.630796e-04 9.161949e-03
1.210000e+00 6.128962e-05 9.241939e-04 5.225708e-04 8.826043e-03
1.220000e+00 5.942628e-05 9.490745e-04 5.051105e-04 8.771227e-03
1.230000e+00 6.090811e-05 9.543992e-04 4.950929e-04 8.767387e-03
1.240000e+00 6.323502e-05 9.436011e-04 4.743943e-04 8.739548e-03
1.250000e+00 6.905264e-05 8.658943e-04 4.070400e-04 8.020137e-03
1.260000e+00 7.822280e-05 6.806115e-04 2.718649e-04 5.184583e-03
1.270000e+00 8.477554e-05 6.015969e-04 2.086278e-04 4.489613e-03
1.280000e+00 8.691974e-05 5.933892e-04 1.937974e-04 4.481631e-03
1.290000e+00 8.733218e-05 5.871244e-04 1.850201e-04 4.457798e-03
1.300000e+00 7.274895e-05 5.268828e-04 1.687779e-04 4.228395e-03
1.310000e+00 3.726563e-05 3.827780e-04 1.409150e-04 3.392302e-03
1.320000e+00 2.176767e-05 3.187367e-04 1.251628e-04 3.149334e-03
1.330000e+00 2.168452e-05 3.139164e-04 1.200017e-04 3.141462e-03
1.340000e+00 2.382636e-05 3.171540e-04 1.209389e-04 3.124718e-03
1.350000e+00 3.759346e-05 3.401478e-04 1.276800e-04 3.048231e-03
1.360000e+00 6.665032e-05 3.936150e-04 1.428975e-04 2.765906e-03
1.370000e+00 7.915764e-05 4.156471e-04 1.511785e-04 2.630036e-03
1.380000e+00 8.177271e-05 4.172090e-04 1.551815e-04 2.621893e-03
1.390000e+00 8.584696e-05 4.197604e-04 1.617709e-04 2.614047e-03
1.400000e+00 1.120235e-04 4.440430e-04 1.864078e-04 2.569783e-03
1.410000e+00 1.701097e-04 5.102668e-04 2.382211e-04 2.408702e-03
1.420000e+00 1.961384e-04 5.332550e-04 2.642433e-04 2.355098e-03
1.430000e+00 1.990115e-04 5.353181e-04 2.593787e-04 2.348781e-03
1.440000e+00 1.995356e-04 5.357141e-04 2.444769e-04 2.324274e-03
1.450000e+00 2.002430e-04 5.251684e-04 2.250004e-04 2.176256e-03
1.460000e+00 1.979853e-04 4.892101e-04 2.034357e-04 1.722508e-03
1.470000e+00 1.969184e-04 4.820541e-04 1.817123e-04 1.532207e-03
1.480000e+00 1.976455e-04 4.801910e-04 1.698397e-04 1.518341e-03
1.490000e+00 1.931020e-04 4.700425e-04 1.549649e-04 1.483901e-03
1.500000e+00 1.665460e-04 3.960677e-04 1.360938e-04 1.340405e-03
1.510000e+00 1.211988e-04 2.362198e-04 1.177212e-04 8.395281e-04
1.520000e+00 9.800621e-05 1.655294e-04 1.006360e-04 6.261090e-04
1.530000e+00 9.395086e-05 1.555985e-04 9.053218e-05 6.203854e-04
1.540000e+00 9.482217e-05 1.551293e-04 8.671619e-05 6.246898e-04
1.550000e+00 1.070816e-04 1.539537e-04 8.615609e-05 6.284028e-04
1.560000e+00 1.305827e-04 1.560431e-04 8.683920e-05 6.506275e-04
1.570000e+00 1.406585e-04 1.558504e-04 8.754397e-05 6.662735e-04
1.580000e+00 1.438036e-04 1.564424e-04 8.744734e-05 6.679221e-04
1.590000e+00 1.514781e-04 1.601474e-04 8.782296e-05 6.670287e-04
1.600000e+00 1.744621e-04 1.833128e-04 8.740868e-05 6.724782e-04
1.610000e+00 2.222249e-04 2.290384e-04 8.671830e-05 6.876091e-04
1.620000e+00 2.436460e-04 2.527340e-04 8.404199e-05 6.893179e-04
1.630000e+00 2.432151e-04 2.542923e-04 7.991023e-05 6.840933e-04
1.640000e+00 2.328743e-04 2.439811e-04 7.304384e-05 6.605184e-04
1.650000e+00 1.910138e-04 2.018472e-04 6.651578e-05 5.865221e-04
1.660000e+00 1.073490e-04 1.181837e-04 5.897310e-05 3.461747e-04
1.670000e+00 5.923409e-05 7.728859e-05 5.257652e-05 2.298575e-04
1.680000e+00 5.011841e-05 6.864267e-05 4.801570e-05 2.253029e-04
1.690000e+00 5.273216e-05 7.198449e-05 4.610663e-05 2.265961e-04
1.700000e+00 7.000844e-05 7.747766e-05 4.693204e-05 2.355299e-04
1.710000e+00 1.061567e-04 9.164065e-05 4.834122e-05 2.607310e-04
1.720000e+00 1.299009e-04 9.791928e-05 5.007528e-05 2.688403e-04
1.730000e+00 1.367910e-04 9.848434e-05 5.081132e-05 2.687741e-04
1.740000e+00 1.394917e-04 9.922695e-05 4.992166e-05 2.704843e-04
1.750000e+00 1.423731e-04 1.089600e-04 4.856070e-05 2.746879e-04
1.760000e+00 1.494742e-04 1.293479e-04 4.601216e-05 2.898653e-04
1.770000e+00 1.476947e-04 1.399754e-04 4.300930e-05 2.902033e-04
1.780000e+00 1.469672e-04 1.410286e-04 4.162187e-05 2.887377e-04
1.790000e+00 1.491967e-04 1.402664e-04 4.136483e-05 2.857868e-04
1.800000e+00 1.540049e-04 1.404672e-04 4.105068e-05 2.764448e-04
1.810000e+00 1.672141e-04 1.426611e-04 4.117436e-05 2.574166e-04
1.820000e+00 1.705137e-04 1.410744e-04 4.124706e-05 2.513294e-04
1.830000e+00 1.669459e-04 1.387081e-04 4.046710e-05 2.459956e-04
1.840000e+00 1.600286e-04 1.329765e-04 3.883869e-05 2.405277e-04
1.850000e+00 1.383066e-04 1.099131e-04 3.580010e-05 2.160942e-04
1.860000e+00 9.961704e-05 6.672304e-05 3.333526e-05 1.518891e-04
1.870000e+00 6.917477e-05 4.488112e-05 3.082064e-05 1.078796e-04
1.880000e+00 5.513517e-05 3.687388e-05 2.825640e-05 1.046234e-04
1.890000e+00 5.432348e-05 3.869079e-05 2.752738e-05 1.015417e-04
1.900000e+00 5.716276e-05 4.573352e-05 2.828402e-05 1.019709e-04
1.910000e+00 6.528425e-05 5.696972e-05 2.909712e-05 1.109194e-04
1.920000e+00 7.221870e-05 6.238084e-05 2.971745e-05 1.138311e-04
1.930000e+00 7.509464e-05 6.417825e-05 3.031756e-05 1.149385e-04
1.940000e+00 7.649879e-05 6.477512e-05 3.026797e-05 1.179284e-04
1.950000e+00 8.409278e-05 6.656962e-05 2.939172e-05 1.240648e-04
1.960000e+00 9.837643e-05 7.184509e-05 2.869436e-05 1.406453e-04
1.970000e+00 1.106761e-04 7.359619e-05 2.769025e-05 1.538482e-04
1.980000e+00 1.106803e-04 7.464649e-05 2.701180e-05 1.536875e-04
1.990000e+00 1.092601e-04 7.337016e-05 2.612000e-05 1.519420e-04
2.000000e+00 1.082137e-04 7.581094e-05 2.541106e-05 1.452434e-04
2.010000e+00 9.969393e-05 7.700406e-05 2.469713e-05 1.271424e-04
2.020000e+00 8.985560e-05 7.768978e-05 2.438156e-05 1.124605e-04
2.030000e+00 8.715873e-05 7.772615e-05 2.399880e-05 1.100245e-04
2.040000e+00 8.662468e-05 8.095983e-05 2.534899e-05 1.066740e-04
2.050000e+00 8.490204e-05 8.018813e-05 2.898098e-05 9.766434e-05
2.060000e+00 8.460848e-05 8.595072e-05 3.513684e-05 7.849559e-05
2.070000e+00 8.685900e-05 8.963341e-05 3.585378e-05 6.924336e-05
2.080000e+00 8.470888e-05 9.061634e-05 3.595167e-05 6.791378e-05
2.090000e+00 8.333241e-05 8.879144e-05 3.508164e-05 6.772893e-05
2.100000e+00 8.346601e-05 8.214834e-05 3.249716e-05 6.934136e-05
2.110000e+00 8.307764e-05 7.321333e-05 2.890817e-05 8.062666e-05
2.120000e+00 8.150445e-05 6.480259e-05 2.611081e-05 8.618329e-05
2.130000e+00 8.123969e-05 6.231176e-05 2.220059e-05 8.625685e-05
2.140000e+00 8.322319e-05 6.225276e-05 1.985156e-05 8.906765e-05
2.150000e+00 8.735989e-05 7.021009e-05 1.881139e-05 9.132092e-05
2.160000e+00 9.188425e-05 7.804710e-05 1.799711e-05 9.123542e-05
2.170000e+00 9.565755e-05 8.093614e-05 1.709943e-05 8.918851e-05
2.180000e+00 9.621340e-05 8.127641e-05 1.611221e-05 8.786581e-05
2.190000e+00 9.534114e-05 7.411832e-05 1.553378e-05 8.623766e-05
2.200000e+00 8.558519e-05 5.941588e-05 1.477466e-05 8.044572e-05
2.210000e+00 8.313856e-05 3.920537e-05 1.384495e-05 6.719423e-05
2.220000e+00 7.631143e-05 3.065928e-05 1.305472e-05 5.883183e-05
2.230000e+00 7.210733e-05 2.516655e-05 1.285136e-05 5.814767e-05
2.240000e+00 7.143854e-05 2.530154e-05 1.298776e-05 5.713339e-05
2.250000e+00 8.355432e-05 2.784150e-05 1.338182e-05 5.572208e-05
2.260000e+00 9.373659e-05 3.163160e-05 1.383851e-05 5.021043e-05
2.270000e+00 1.089130e-04 3.351751e-05 1.429129e-05 4.762390e-05
2.280000e+00 1.131459e-04 3.583421e-05 1.446241e-05 4.794168e-05
2.290000e+00 1.078504e-04 3.825937e-05 1.472160e-05 4.818199e-05
2.300000e+00 1.097366e-04 4.388821e-05 1.535723e-05 5.160609e-05
2.310000e+00 1.067656e-04 5.819749e-05 1.604233e-05 5.989083e-05
2.320000e+00 1.181600e-04 6.635495e-05 1.657664e-05 6.479532e-05
2.330000e+00 1.202459e-04 6.846882e-05 1.669138e-05 6.525269e-05
2.340000e+00 1.252790e-04 6.962152e-05 1.587728e-05 6.510663e-05
2.350000e+00 1.236160e-04 6.948554e-05 1.517743e-05 6.368003e-05
2.360000e+00 1.259927e-04 6.926364e-05 1.406596e-05 6.193640e-05
2.370000e+00 1.256591e-04 6.809050e-05 1.286410e-05 6.202132e-05
2.380000e+00 1.271134e-04 6.427937e-05 1.195080e-05 6.080436e-05
2.390000e+00 1.226732e-04 5.840845e-05 1.132921e-05 5.980247e-05
2.400000e+00 1.091402e-04 4.565354e-05 1.056582e-05 5.264102e-05
2.410000e+00 8.627676e-05 2.857638e-05 9.740969e-06 3.783070e-05
2.420000e+00 7.556725e-05 1.572889e-05 9.134277e-06 2.825110e-05
2.430000e+00 7.262252e-05 1.047030e-05 9.023990e-06 2.724794e-05
2.440000e+00 7.127897e-05 1.158201e-05 9.647830e-06 2.820635e-05
2.450000e+00 7.894123e-05 2.052468e-05 1.069609e-05 3.223087e-05
2.460000e+00 9.603427e-05 3.823494e-05 1.223951e-05 4.168998e-05
2.470000e+00 1.166872e-04 4.794508e-05 1.354580e-05 4.749202e-05
2.480000e+00 1.341965e-04 5.025042e-05 1.496748e-05 4.897089e-05
2.490000e+00 1.371235e-04 5.652267e-05 1.684906e-05 4.938639e-05
2.500000e+00 1.585994e-04 6.584503e-05 1.818554e-05 5.503782e-05
2.510000e+00 1.786786e-04 7.482511e-05 2.166191e-05 6.651128e-05
2.520000e+00 1.708673e-04 8.322099e-05 2.348848e-05 7.623692e-05
2.530000e+00 1.647117e-04 8.218561e-05 2.493529e-05 7.686589e-05
2.540000e+00 1.542172e-04 8.203712e-05 2.494054e-05 7.484690e-05
2.550000e+00 1.416836e-04 7.190598e-05 2.026936e-05 6.600327e-05
2.560000e+00 1.184202e-04 7.319260e-05 1.758885e-05 4.988895e-05
2.570000e+00 1.027596e-04 6.695735e-05 1.343857e-05 3.928917e-05
2.580000e+00 8.918799e-05 6.782995e-05 1.196958e-05 3.745153e-05
2.590000e+00 9.273932e-05 6.332133e-05 1.160880e-05 3.589529e-05
2.600000e+00 9.569927e-05 5.370218e-05 1.146361e-05 3.270242e-05
2.610000e+00 1.130575e-04 6.098828e-05 1.176815e-05 2.718472e-05
2.620000e+00 1.167018e-04 5.360323e-05 1.224854e-05 2.374320e-05
2.630000e+00 1.083114e-04 4.857732e-05 1.249040e-05 2.352754e-05
2.640000e+00 1.208058e-04 4.858153e-05 1.260919e-05 2.326501e-05
2.650000e+00 1.092258e-04 4.479953e-05 1.238176e-05 2.201684e-05
2.660000e+00 1.132224e-04 4.293183e-05 1.139017e-05 2.548469e-05
2.670000e+00 1.111599e-04 3.920669e-05 1.097102e-05 2.588844e-05
2.680000e+00 1.083246e-04 3.854426e-05 1.103209e-05 2.469987e-05
2.690000e+00 8.530887e-05 4.189595e-05 1.111619e-05 2.613067e-05
2.700000e+00 7.531571e-05 5.018830e-05 1.123422e-05 3.133171e-05
2.710000e+00 7.681265e-05 6.130049e-05 1.136913e-05 3.755968e-05
2.720000e+00 7.475559e-05 6.529262e-05 1.199256e-05 4.072676e-05
2.730000e+00 8.415764e-05 6.434252e-05 1.207168e-05 4.144500e-05
2.740000e+00 8.010838e-05 5.680941e-05 1.195565e-05 4.121645e-05
2.750000e+00 7.597599e-05 5.082659e-05 1.182166e-05 4.720900e-05
2.760000e+00 7.512775e-05 4.870500e-05 1.232042e-05 5.769837e-05
2.770000e+00 7.384186e-05 4.557529e-05 1.165136e-05 6.486689e-05
2.780000e+00 7.365209e-05 4.426251e-05 1.201372e-05 6.780274e-05
2.790000e+00 7.415025e-05 4.337667e-05 1.300479e-05 6.436780e-05
2.800000e+00 8.009593e-05 4.688418e-05 1.537144e-05 6.059178e-05
2.810000e+00 8.153593e-05 5.373374e-05 2.017388e-05 5.865724e-05
2.820000e+00 9.494807e-05 5.526308e-05 2.033795e-05 5.837314e-05
2.830000e+00 9.672816e-05 5.250840e-05 2.068458e-05 5.655957e-05
2.840000e+00 8.945640e-05 4.920377e-05 1.904087e-05 5.340984e-05
2.850000e+00 8.666739e-05 4.097316e-05 1.643248e-05 4.487085e-05
2.860000e+00 8.169799e-05 3.027187e-05 1.373506e-05 3.150729e-05
2.870000e+00 7.383114e-05 2.391316e-05 1.158954e-05 2.646982e-05
2.880000e+00 7.193924e-05 2.116430e-05 1.061632e-05 2.400978e-05
2.890000e+00 6.695109e-05 2.093892e-05 9.683711e-06 2.222473e-05
2.900000e+00 7.008361e-05 2.487115e-05 9.004009e-06 2.454355e-05
2.910000e+00 6.966700e-05 2.653058e-05 8.466589e-06 2.585757e-05
2.920000e+00 8.289032e-05 2.955402e-05 8.194622e-06 2.360220e-05
2.930000e+00 6.847897e-05 3.027827e-05 8.031398e-06 2.172860e-05
2.940000e+00 6.238490e-05 2.527742e-05 7.995333e-06 1.983446e-05
2.950000e+00 5.051699e-05 2.061149e-05 7.986217e-06 2.049559e-05
2.960000e+00 4.604132e-05 1.493819e-05 7.842314e-06 2.330736e-05
2.970000e+00 4.955613e-05 7.795261e-06 8.195388e-06 2.264891e-05
2.980000e+00 3.951827e-05 7.713007e-06 8.509107e-06 2.292469e-05
2.990000e+00 1.451484e-03 1.702140e-03 2.361378e-04 1.681629e-03
