0 1.593882e-05
1 1.677360e-05
2 6.755156e-06
3 8.968124e-06
4 -5.986795e-07
5 5.250750e-07
6 2.208800e-06
7 9.527884e-07
8 1.382156e-06
9 8.943216e-07
10 -3.484656e-07
11 6.966322e-07
12 4.944805e-07
13 4.411716e-07
14 6.457664e-07
15 1.366823e-07
16 5.749900e-08
17 2.734304e-07
18 2.890701e-07
19 1.209397e-07
20 1.494137e-05
21 1.154752e-05
22 1.001554e-05
23 9.926596e-06
24 1.286443e-06
25 5.378581e-06
26 3.840261e-06
27 1.739502e-06
28 2.871409e-06
29 2.490418e-06
30 2.563324e-06
31 9.762979e-07
32 1.088859e-06
33 5.892257e-07
34 6.687675e-07
35 4.444121e-07
36 5.027751e-07
37 4.667692e-07
38 2.038092e-07
39 1.278404e-07
40 9.640572e-06
41 2.050428e-05
42 1.229875e-05
43 6.536621e-06
44 7.134926e-06
45 1.031118e-05
46 5.579362e-06
47 2.442594e-06
48 4.084156e-06
49 2.516140e-06
50 2.699770e-06
51 1.587313e-06
52 1.826184e-06
53 1.180415e-06
54 1.030749e-06
55 6.633056e-07
56 5.456629e-07
57 5.251405e-07
58 1.351472e-07
59 4.545767e-08
60 1.255037e-05
61 2.231212e-05
62 1.058084e-05
63 6.998017e-06
64 8.235265e-06
65 4.739583e-06
66 6.643559e-06
67 3.725034e-06
68 2.495112e-06
69 2.245596e-06
70 3.059110e-06
71 1.935510e-06
72 2.001737e-06
73 1.250719e-06
74 1.428651e-06
75 4.022863e-07
76 6.808406e-07
77 3.471301e-07
78 2.328361e-07
79 1.379518e-07
80 2.715257e-05
81 1.577757e-05
82 9.152425e-06
83 1.102219e-05
84 9.804899e-06
85 7.448072e-06
86 7.428492e-06
87 5.763032e-06
88 5.566157e-06
89 2.675121e-06
90 3.485574e-06
91 1.408360e-06
92 8.647048e-07
93 9.007505e-07
94 1.068727e-06
95 1.164930e-06
96 7.839887e-07
97 4.784872e-07
98 2.270590e-07
99 4.415570e-07
100 3.022741e-05
101 2.039879e-05
102 2.036623e-05
103 1.948717e-05
104 1.348260e-05
105 1.077076e-05
106 7.856392e-06
107 6.435495e-06
108 6.006253e-06
109 4.366735e-06
110 4.461769e-06
111 3.313431e-06
112 2.286097e-06
113 2.018894e-06
114 1.207619e-06
115 1.284293e-06
116 1.183576e-06
117 8.294016e-07
118 4.595034e-07
119 2.049896e-07
120 4.121124e-05
121 2.528556e-05
122 2.632573e-05
123 1.845167e-05
124 1.454569e-05
125 1.532559e-05
126 1.087237e-05
127 9.062622e-06
128 6.137233e-06
129 4.588346e-06
130 5.058453e-06
131 4.170123e-06
132 3.053770e-06
133 2.518138e-06
134 2.183939e-06
135 1.596942e-06
136 1.119929e-06
137 1.026811e-06
138 3.579482e-07
139 4.601141e-07
140 4.831644e-05
141 4.319429e-05
142 3.402673e-05
143 2.945103e-05
144 2.479695e-05
145 2.202481e-05
146 1.723264e-05
147 1.429762e-05
148 1.107832e-05
149 1.089564e-05
150 7.924378e-06
151 5.390311e-06
152 5.267000e-06
153 3.497948e-06
154 1.982179e-06
155 1.964092e-06
156 1.484848e-06
157 8.213389e-07
158 3.931368e-07
159 3.632308e-07
160 5.362352e-05
161 5.157871e-05
162 4.322823e-05
163 3.427836e-05
164 2.592071e-05
165 2.295564e-05
166 2.204149e-05
167 1.860023e-05
168 1.210258e-05
169 1.172834e-05
170 8.271476e-06
171 6.216817e-06
172 5.793055e-06
173 4.708419e-06
174 3.538108e-06
175 2.413457e-06
176 1.461977e-06
177 1.070256e-06
178 7.911205e-07
179 4.722719e-07
180 7.896122e-05
181 7.737757e-05
182 3.681045e-05
183 3.493594e-05
184 3.096970e-05
185 2.818567e-05
186 1.854402e-05
187 1.987434e-05
188 1.848111e-05
189 1.377764e-05
190 9.876910e-06
191 8.412471e-06
192 6.136502e-06
193 5.132492e-06
194 3.656932e-06
195 3.458505e-06
196 2.128778e-06
197 1.161220e-06
198 5.999360e-07
199 4.307946e-07
200 9.901897e-06
201 6.910524e-06
202 3.803260e-06
203 5.013219e-06
204 3.073703e-06
205 6.973446e-07
206 2.568744e-06
207 -2.786687e-07
208 1.572758e-06
209 2.534812e-07
210 1.312651e-06
211 1.612431e-06
212 1.772909e-07
213 4.729183e-07
214 1.136380e-07
215 3.095746e-07
216 1.034964e-07
217 5.763477e-08
218 1.194882e-07
219 1.235113e-07
220 4.195423e-06
221 4.111311e-06
222 1.588598e-06
223 1.653291e-06
224 2.054676e-06
225 1.209902e-06
226 3.991031e-06
227 3.090679e-06
228 1.990003e-06
229 4.038446e-07
230 1.897253e-06
231 6.811233e-07
232 9.390282e-07
233 1.003677e-06
234 5.351152e-07
235 2.538615e-07
236 4.672296e-07
237 3.793111e-07
238 2.571633e-07
239 2.383002e-07
240 -2.284942e-06
241 8.307228e-07
242 6.857390e-06
243 9.953100e-06
244 2.498969e-06
245 1.561781e-07
246 3.752591e-06
247 1.960196e-06
248 1.628124e-06
249 1.871169e-06
250 4.070591e-07
251 7.541393e-07
252 8.869105e-07
253 4.839417e-07
254 7.470326e-07
255 2.357339e-07
256 7.386438e-07
257 5.437737e-07
258 1.786042e-07
259 2.742426e-07
260 -4.604370e-06
261 1.199927e-05
262 9.788533e-06
263 -2.917968e-07
264 7.457299e-07
265 1.122234e-06
266 1.329236e-06
267 2.416764e-06
268 1.155582e-06
269 3.088281e-06
270 1.955219e-06
271 1.511594e-06
272 1.038533e-06
273 8.353535e-07
274 5.986997e-07
275 5.958030e-07
276 3.601586e-07
277 4.444084e-07
278 3.575304e-07
279 3.158857e-07
280 7.650139e-06
281 5.476745e-06
282 3.993249e-06
283 -3.481616e-06
284 2.391530e-06
285 3.276882e-06
286 4.833644e-06
287 4.410243e-06
288 3.526809e-06
289 3.656956e-06
290 2.103732e-06
291 1.562147e-06
292 1.570971e-06
293 1.352328e-06
294 1.373123e-06
295 8.540453e-07
296 4.342846e-07
297 4.127223e-07
298 5.648070e-07
299 3.410334e-07
300 9.907694e-06
301 7.561897e-06
302 9.274020e-06
303 1.889905e-06
304 8.982979e-06
305 5.800662e-06
306 5.506832e-06
307 4.402834e-06
308 3.733865e-06
309 4.429974e-06
310 2.261377e-06
311 2.780601e-06
312 2.045035e-06
313 2.097001e-06
314 1.401678e-06
315 1.404408e-06
316 6.899726e-07
317 5.672860e-07
318 4.746444e-07
319 4.554598e-07
320 1.183790e-05
321 2.535337e-06
322 8.071230e-06
323 8.701225e-06
324 7.913766e-06
325 6.344211e-06
326 6.786171e-06
327 5.513939e-06
328 7.029424e-06
329 2.890352e-06
330 3.487481e-06
331 2.996524e-06
332 1.854680e-06
333 1.897323e-06
334 1.650118e-06
335 1.431692e-06
336 4.947854e-07
337 8.916592e-07
338 7.778071e-07
339 5.453817e-07
340 6.601478e-06
341 1.333303e-05
342 9.954493e-06
343 5.978188e-06
344 8.871149e-06
345 1.159556e-05
346 4.240028e-06
347 6.185988e-06
348 6.529015e-06
349 6.287679e-06
350 3.562403e-06
351 3.927259e-06
352 2.527249e-06
353 2.795885e-06
354 1.955393e-06
355 1.464413e-06
356 1.562183e-06
357 1.200258e-06
358 1.114975e-06
359 8.900524e-07
360 1.422928e-05
361 1.513425e-05
362 1.407632e-05
363 1.145471e-05
364 1.626414e-05
365 1.048616e-05
366 1.047357e-05
367 6.870844e-06
368 5.028607e-06
369 4.216546e-06
370 3.773204e-06
371 4.438629e-06
372 3.452506e-06
373 3.052172e-06
374 2.353217e-06
375 2.320979e-06
376 1.617369e-06
377 1.422859e-06
378 1.428193e-06
379 1.119188e-06
380 2.157847e-05
381 1.719671e-05
382 3.302494e-05
383 2.159351e-05
384 1.294304e-05
385 1.607681e-05
386 8.531123e-06
387 1.289491e-05
388 1.205323e-05
389 7.571263e-06
390 5.871718e-06
391 5.085599e-06
392 6.081161e-06
393 3.584017e-06
394 3.075290e-06
395 2.463115e-06
396 1.879677e-06
397 2.168437e-06
398 2.089953e-06
399 1.350494e-06
400 7.678452e-04
401 7.594942e-04
402 6.013805e-04
403 4.807841e-04
404 3.734539e-04
405 3.261018e-04
406 1.843008e-04
407 2.003411e-04
408 1.436840e-04
409 1.015230e-04
410 8.860366e-05
411 3.921890e-05
412 5.082815e-05
413 3.834940e-05
414 4.353302e-05
415 3.420719e-05
416 2.576550e-05
417 2.409589e-05
418 2.418224e-05
419 1.948657e-05
420 1.667715e-03
421 1.756538e-03
422 1.253517e-03
423 1.090844e-03
424 7.861790e-04
425 6.647676e-04
426 5.190393e-04
427 3.342411e-04
428 2.898632e-04
429 2.348141e-04
430 2.094228e-04
431 1.490646e-04
432 1.188492e-04
433 1.090204e-04
434 8.967507e-05
435 6.756260e-05
436 5.229749e-05
437 4.365828e-05
438 4.414005e-05
439 3.460662e-05
440 2.588842e-03
441 2.241913e-03
442 2.013783e-03
443 1.625543e-03
444 1.255822e-03
445 9.534826e-04
446 7.633872e-04
447 6.207760e-04
448 4.932514e-04
449 3.909587e-04
450 3.040684e-04
451 2.466633e-04
452 2.091702e-04
453 1.774289e-04
454 1.487095e-04
455 1.304328e-04
456 1.093143e-04
457 9.965897e-05
458 7.313569e-05
459 6.245919e-05
460 2.774992e-03
461 2.291298e-03
462 2.340202e-03
463 1.831334e-03
464 1.295951e-03
465 1.121676e-03
466 8.340087e-04
467 6.863283e-04
468 5.287125e-04
469 3.835781e-04
470 2.974946e-04
471 2.986500e-04
472 2.287124e-04
473 1.937748e-04
474 1.605592e-04
475 1.387683e-04
476 1.113135e-04
477 9.750361e-05
478 7.516618e-05
479 6.919457e-05
480 3.204006e-04
481 1.356411e-04
482 1.474099e-04
483 5.903828e-05
484 8.119796e-05
485 5.128459e-05
486 6.951750e-05
487 6.445842e-05
488 6.195021e-05
489 2.498908e-05
490 1.881429e-05
491 6.402795e-06
492 1.229192e-05
493 -5.474908e-06
494 8.137077e-06
495 8.089653e-06
496 6.565220e-06
497 1.342034e-06
498 1.206669e-06
499 5.518015e-06
500 6.406344e-04
501 6.648252e-04
502 3.759942e-04
503 3.002662e-04
504 2.555529e-04
505 1.909194e-04
506 1.319059e-04
507 1.207445e-04
508 1.086718e-04
509 5.610984e-05
510 3.872962e-05
511 4.902320e-05
512 2.406923e-05
513 2.551352e-05
514 1.815314e-05
515 1.195663e-05
516 1.625946e-05
517 1.386401e-05
518 1.375712e-05
519 1.626771e-05
520 1.635095e-03
521 1.297024e-03
522 1.142596e-03
523 9.646317e-04
524 6.838240e-04
525 4.276220e-04
526 3.390539e-04
527 3.099752e-04
528 2.654175e-04
529 2.080757e-04
530 1.827884e-04
531 1.448054e-04
532 1.294286e-04
533 1.153445e-04
534 9.434265e-05
535 7.179626e-05
536 6.373769e-05
537 5.976575e-05
538 4.285755e-05
539 2.876833e-05
540 1.987636e-03
541 2.002966e-03
542 1.462429e-03
543 1.121696e-03
544 7.795679e-04
545 6.382454e-04
546 4.689921e-04
547 4.198543e-04
548 3.626840e-04
549 2.922050e-04
550 2.488469e-04
551 1.822626e-04
552 1.723485e-04
553 1.358745e-04
554 1.129329e-04
555 1.011685e-04
556 8.877654e-05
557 7.329929e-05
558 6.132477e-05
559 5.018041e-05
560 3.415306e-05
561 9.272691e-05
562 8.274228e-05
563 6.874070e-05
564 -1.080830e-05
565 1.850097e-06
566 9.947001e-06
567 -2.211253e-06
568 -5.827694e-07
569 7.831156e-06
570 -9.934869e-06
571 -1.010551e-05
572 1.632051e-05
573 6.799142e-06
574 4.353237e-06
575 8.556930e-06
576 9.477180e-06
577 5.441400e-06
578 1.922787e-06
579 -2.654894e-08
580 1.961581e-04
581 1.486818e-04
582 9.134363e-05
583 6.182406e-05
584 1.415590e-04
585 3.525577e-05
586 2.608937e-05
587 5.205874e-05
588 4.340766e-06
589 1.447173e-05
590 1.262834e-05
591 2.527084e-05
592 5.644418e-06
593 5.560300e-06
594 1.302368e-05
595 1.228897e-05
596 1.470868e-05
597 -5.904523e-07
598 4.497507e-06
599 -3.096934e-07
600 7.227157e-04
601 6.500280e-04
602 4.261167e-04
603 3.368137e-04
604 2.947448e-04
605 1.836559e-04
606 1.624285e-04
607 1.285241e-04
608 9.600483e-05
609 1.070760e-04
610 8.123664e-05
611 6.788925e-05
612 6.128446e-05
613 3.934439e-05
614 3.914977e-05
615 3.783312e-05
616 1.819153e-05
617 1.451178e-05
618 8.769448e-06
619 8.625763e-06
620 1.375273e-03
621 1.183401e-03
622 7.675791e-04
623 6.149147e-04
624 4.961330e-04
625 4.252226e-04
626 3.423798e-04
627 2.909685e-04
628 2.196822e-04
629 1.864010e-04
630 1.749765e-04
631 1.465414e-04
632 1.112649e-04
633 1.034765e-04
634 8.429001e-05
635 7.612647e-05
636 5.918746e-05
637 4.339295e-05
638 3.034821e-05
639 2.103748e-05
640 3.497020e-05
641 5.286614e-05
642 -1.701870e-05
643 -9.922236e-05
644 -5.231869e-05
645 -1.432470e-05
646 -8.966506e-06
647 -1.457719e-05
648 -1.861668e-05
649 -2.386545e-05
650 4.480694e-06
651 -7.565946e-06
652 -1.390760e-05
653 -7.103268e-06
654 -8.335568e-06
655 -6.282944e-06
656 -9.044252e-06
657 5.660275e-06
658 -3.499383e-06
659 3.851837e-06
660 1.042692e-04
661 -1.099470e-04
662 1.564214e-05
663 3.229346e-05
664 4.116301e-05
665 1.169644e-05
666 -1.453464e-05
667 2.855451e-05
668 3.463178e-05
669 3.220544e-05
670 2.338111e-05
671 1.123901e-05
672 3.687922e-06
673 -2.394413e-06
674 7.708309e-07
675 6.130976e-06
676 8.087274e-06
677 8.832577e-06
678 1.205370e-05
679 8.386350e-06
680 2.832049e-04
681 1.451661e-04
682 2.192944e-04
683 1.782764e-04
684 6.827949e-05
685 4.536158e-05
686 4.352910e-05
687 4.561854e-05
688 3.629276e-05
689 3.731980e-05
690 2.527856e-05
691 2.330849e-05
692 2.324848e-05
693 2.145392e-05
694 1.696528e-05
695 1.518828e-05
696 3.719624e-06
697 4.589339e-06
698 8.765549e-06
699 5.646398e-06
700 1.137389e-03
701 6.978388e-04
702 7.245508e-04
703 3.969032e-04
704 3.590390e-04
705 2.460264e-04
706 2.285030e-04
707 2.412050e-04
708 1.388182e-04
709 1.233629e-04
710 1.166008e-04
711 1.311624e-04
712 9.488854e-05
713 8.891928e-05
714 7.069999e-05
715 5.067603e-05
716 2.889345e-05
717 2.099792e-05
718 1.778222e-05
719 1.102370e-05
720 -3.925677e-05
721 1.316057e-04
722 -1.250123e-06
723 -3.070796e-05
724 7.126657e-05
725 -1.891517e-05
726 -3.602573e-05
727 1.913393e-05
728 7.135650e-06
729 -1.156318e-05
730 4.654139e-06
731 2.465477e-05
732 1.832859e-05
733 2.235200e-06
734 -1.177059e-05
735 -3.485046e-06
736 -7.990327e-06
737 -5.825183e-06
738 -1.704168e-06
739 -8.582232e-07
740 -1.594605e-05
741 1.475807e-04
742 -5.842891e-05
743 1.032052e-04
744 -8.936205e-06
745 -4.911078e-05
746 -2.832937e-05
747 4.071000e-05
748 1.214380e-06
749 6.417301e-06
750 1.919203e-05
751 1.041261e-05
752 -1.533546e-06
753 -1.500648e-06
754 -2.584178e-06
755 -3.715844e-06
756 -3.746527e-07
757 -5.189704e-07
758 2.810926e-06
759 -1.257182e-06
760 -4.384510e-05
761 -5.260610e-05
762 6.038762e-05
763 1.335614e-05
764 -1.790717e-07
765 -2.817038e-05
766 -5.591831e-05
767 6.270361e-06
768 -4.793113e-06
769 1.544895e-05
770 2.018946e-06
771 2.684634e-05
772 2.384784e-05
773 2.373953e-06
774 8.239348e-06
775 6.504384e-06
776 -6.916613e-06
777 -3.938357e-06
778 -1.842042e-06
779 -8.965999e-07
780 6.504103e-04
781 2.548731e-04
782 3.790768e-04
783 2.379337e-04
784 1.765142e-04
785 1.363793e-04
786 9.158984e-05
787 9.668497e-05
788 2.221695e-05
789 4.741595e-05
790 5.584554e-05
791 3.875867e-05
792 4.757834e-05
793 4.869167e-05
794 2.452978e-05
795 2.021164e-05
796 7.464860e-06
797 7.464316e-06
798 -5.867756e-07
799 5.392508e-06
800 4.390699e-01
801 3.335079e-01
802 2.654500e-01
803 1.979102e-01
804 1.661458e-01
805 1.318760e-01
806 1.120973e-01
807 9.417642e-02
808 8.144195e-02
809 6.739078e-02
810 5.648747e-02
811 4.702083e-02
812 3.681413e-02
813 3.001021e-02
814 2.367677e-02
815 1.705792e-02
816 1.319120e-02
817 9.571960e-03
818 6.143818e-03
819 3.760295e-03
820 2.991115e-01
821 2.404780e-01
822 1.931749e-01
823 1.595706e-01
824 1.329346e-01
825 1.129182e-01
826 9.598898e-02
827 7.997182e-02
828 6.717924e-02
829 5.554070e-02
830 4.410498e-02
831 3.551255e-02
832 2.747354e-02
833 1.985167e-02
834 1.535019e-02
835 1.140571e-02
836 7.981747e-03
837 4.911226e-03
838 2.772004e-03
839 5.310808e-04
840 2.081151e-01
841 1.734755e-01
842 1.421729e-01
843 1.187128e-01
844 1.017440e-01
845 8.370899e-02
846 7.130117e-02
847 5.881762e-02
848 4.979004e-02
849 3.999755e-02
850 3.126783e-02
851 2.416452e-02
852 1.751710e-02
853 1.282186e-02
854 8.450691e-03
855 5.304874e-03
856 3.245017e-03
857 1.744745e-03
858 7.421746e-04
859 5.179942e-04
860 2.277766e-01
861 1.876196e-01
862 1.663096e-01
863 1.337736e-01
864 1.116119e-01
865 9.662216e-02
866 7.699172e-02
867 6.469594e-02
868 4.965021e-02
869 3.862979e-02
870 2.889369e-02
871 2.097661e-02
872 1.436301e-02
873 9.570300e-03
874 5.885371e-03
875 3.919487e-03
876 2.040989e-03
877 9.267829e-04
878 6.848783e-04
879 7.250179e-05
880 2.161171e-01
881 1.850702e-01
882 1.539284e-01
883 1.328061e-01
884 1.080310e-01
885 9.044941e-02
886 7.337046e-02
887 6.202236e-02
888 4.868408e-02
889 3.819665e-02
890 2.868789e-02
891 2.078808e-02
892 1.626746e-02
893 1.045754e-02
894 6.728238e-03
895 4.183776e-03
896 3.138376e-03
897 1.990798e-03
898 9.921858e-04
899 1.329846e-04
900 5.896720e-03
901 5.320185e-03
902 3.435213e-03
903 2.702618e-03
904 1.908100e-03
905 1.031837e-03
906 7.897446e-04
907 8.855609e-04
908 6.735930e-04
909 5.197116e-04
910 4.148960e-04
911 4.186590e-05
912 1.142318e-04
913 1.922362e-06
914 6.710240e-05
915 -2.915495e-05
916 -4.729990e-05
917 -1.905451e-05
918 -5.101081e-05
919 -6.379492e-06
920 3.465340e-03
921 2.869071e-03
922 3.200378e-03
923 2.103402e-03
924 1.976794e-03
925 1.368161e-03
926 1.079770e-03
927 1.193229e-03
928 1.005209e-03
929 8.234598e-04
930 4.771070e-04
931 2.781048e-04
932 9.361709e-05
933 9.776277e-05
934 1.275468e-04
935 1.179663e-04
936 4.165826e-05
937 -3.470757e-05
938 -8.075180e-05
939 -4.830220e-05
940 3.182763e-03
941 2.611619e-03
942 2.579186e-03
943 2.116477e-03
944 1.714696e-03
945 1.566167e-03
946 1.274769e-03
947 1.050323e-03
948 7.066800e-04
949 3.328987e-04
950 2.780129e-04
951 3.441727e-04
952 1.397840e-04
953 1.234673e-04
954 2.004076e-04
955 8.501460e-05
956 7.968063e-06
957 -1.933717e-05
958 -5.286013e-05
959 -2.990008e-05
960 5.052262e-03
961 4.343804e-03
962 3.568372e-03
963 3.506342e-03
964 2.721118e-03
965 1.510003e-03
966 1.309564e-03
967 9.205285e-04
968 8.483542e-04
969 7.865260e-04
970 4.787404e-04
971 3.221038e-04
972 2.890109e-04
973 1.121894e-04
974 8.746683e-05
975 -7.258741e-05
976 -1.465121e-05
977 -1.997699e-05
978 1.858317e-05
979 1.074428e-05
980 3.899812e-03
981 3.327154e-03
982 2.819579e-03
983 2.626037e-03
984 2.333716e-03
985 1.595703e-03
986 1.519188e-03
987 1.332624e-03
988 1.102429e-03
989 5.350481e-04
990 3.989598e-04
991 5.236363e-04
992 3.720151e-04
993 6.553202e-05
994 1.891231e-04
995 2.783771e-05
996 -1.346973e-05
997 -4.836571e-05
998 -2.183791e-05
999 -4.460035e-05
1000 -5.851340e-06
1001 -2.574585e-06
1002 -3.454896e-05
1003 2.252945e-06
1004 -3.742613e-07
1005 5.547901e-06
1006 -1.387703e-06
1007 2.573392e-06
1008 1.979250e-06
1009 -3.085415e-06
1010 -3.094509e-06
1011 -3.107032e-06
1012 -4.129990e-07
1013 7.946040e-07
1014 1.651076e-06
1015 2.098367e-07
1016 -8.622363e-08
1017 4.170704e-07
1018 2.535860e-07
1019 6.476449e-07
1020 -2.839507e-05
1021 2.120828e-05
1022 1.730248e-05
1023 -3.384894e-07
1024 -3.308930e-06
1025 5.233142e-06
1026 5.661995e-06
1027 1.994252e-06
1028 1.688862e-05
1029 1.001638e-05
1030 1.017895e-05
1031 7.383554e-06
1032 3.573653e-06
1033 3.369857e-06
1034 1.800424e-06
1035 1.773951e-06
1036 1.283789e-06
1037 5.971592e-07
1038 -1.179953e-07
1039 4.721765e-07
1040 1.406421e-05
1041 -1.041001e-05
1042 2.007903e-05
1043 2.865175e-05
1044 1.816338e-05
1045 1.779358e-05
1046 3.115279e-05
1047 1.888322e-05
1048 1.089224e-05
1049 9.366654e-06
1050 8.804616e-06
1051 8.399957e-06
1052 7.097493e-06
1053 6.758775e-06
1054 3.544041e-06
1055 3.349715e-06
1056 1.428798e-06
1057 3.138266e-06
1058 1.569363e-06
1059 9.974083e-07
1060 3.116283e-06
1061 -2.168421e-05
1062 4.256360e-05
1063 1.771162e-05
1064 1.982636e-05
1065 3.484370e-05
1066 2.927413e-05
1067 1.499527e-05
1068 1.678929e-05
1069 1.723746e-05
1070 2.284559e-05
1071 1.544423e-05
1072 5.511353e-06
1073 1.448624e-05
1074 3.349657e-06
1075 8.570924e-06
1076 5.277871e-06
1077 3.889148e-06
1078 1.601854e-06
1079 1.199834e-06
1080 2.097327e-07
1081 2.334518e-07
1082 2.246553e-07
1083 1.829506e-07
1084 1.369420e-07
1085 9.639977e-08
1086 7.296349e-08
1087 6.597345e-08
1088 4.429646e-08
1089 3.179292e-08
1090 2.054602e-08
1091 8.623672e-09
1092 1.137257e-08
1093 5.670575e-09
