0 1.69475958e-05
1 1.43200290e-05
2 1.19242004e-05
3 9.79903554e-06
4 7.96768823e-06
5 6.43365775e-06
6 5.18158769e-06
7 4.17994329e-06
8 3.38800680e-06
9 2.76248376e-06
10 2.26337623e-06
11 1.85758944e-06
12 1.52022003e-06
13 1.23411671e-06
14 9.88441022e-07
15 7.76891373e-07
16 5.96025933e-07
17 4.43904772e-07
18 3.18987848e-07
19 2.19382029e-07
20 1.96536699e-05
21 1.64990936e-05
22 1.36614368e-05
23 1.11794401e-05
24 9.06954469e-06
25 7.32326061e-06
26 5.91073217e-06
27 4.78595174e-06
28 3.89607115e-06
29 3.18888830e-06
30 2.61871500e-06
31 2.14938171e-06
32 1.75473062e-06
33 1.41743101e-06
34 1.12694458e-06
35 8.77335908e-07
36 6.65337906e-07
37 4.88844558e-07
38 3.45773574e-07
39 2.33555674e-07
40 2.61713867e-05
41 2.18412852e-05
42 1.79928800e-05
43 1.46688164e-05
44 1.18775463e-05
45 9.59221479e-06
46 7.75857834e-06
47 6.30428002e-06
48 5.15247082e-06
49 4.23144938e-06
50 3.48134741e-06
51 2.85675232e-06
52 2.32617333e-06
53 1.86965169e-06
54 1.47561649e-06
55 1.13782122e-06
56 8.52789678e-07
57 6.17926606e-07
58 4.30239014e-07
59 2.85241684e-07
60 2.73053323e-05
61 2.27542867e-05
62 1.87237926e-05
63 1.52538896e-05
64 1.23485846e-05
65 9.97522914e-06
66 8.07347433e-06
67 6.56529040e-06
68 5.36932354e-06
69 4.41070622e-06
70 3.62766087e-06
71 2.97384098e-06
72 2.41745137e-06
73 1.93854504e-06
74 1.52563609e-06
75 1.17247464e-06
76 8.75410774e-07
77 6.31509173e-07
78 4.37197506e-07
79 2.87446583e-07
80 2.46550665e-05
81 2.05230341e-05
82 1.68797315e-05
83 1.37557058e-05
84 1.11477846e-05
85 9.02040288e-06
86 7.31502411e-06
87 5.95949113e-06
88 4.88054113e-06
89 4.01184572e-06
90 3.29922796e-06
91 2.70229680e-06
92 2.19344971e-06
93 1.75540396e-06
94 1.37818604e-06
95 1.05628755e-06
96 7.86337378e-07
97 5.65448073e-07
98 3.90217884e-07
99 2.56535676e-07
100 3.58218773e-05
101 2.96049144e-05
102 2.42199998e-05
103 1.96820940e-05
104 1.59518912e-05
105 1.29443480e-05
106 1.05482689e-05
107 8.64227831e-06
108 7.11308910e-06
109 5.86491456e-06
110 4.82418468e-06
111 3.93924931e-06
112 3.17695809e-06
113 2.51790669e-06
114 1.95155639e-06
115 1.47205945e-06
116 1.07510764e-06
117 7.55915250e-07
118 5.08254935e-07
119 3.24576340e-07
120 3.81516880e-05
121 3.14819958e-05
122 2.57299833e-05
123 2.09019222e-05
124 1.69461087e-05
125 1.37634210e-05
126 1.12293776e-05
127 9.21134172e-06
128 7.58775916e-06
129 6.25744032e-06
130 5.14381089e-06
131 4.19392294e-06
132 3.37433733e-06
133 2.66579914e-06
134 2.05794808e-06
135 1.54490350e-06
136 1.12201698e-06
137 7.83870183e-07
138 5.23087520e-07
139 3.30742357e-07
140 6.04781302e-05
141 4.96165370e-05
142 4.04564492e-05
143 3.29122338e-05
144 2.68134090e-05
145 2.19348845e-05
146 1.80382859e-05
147 1.48965678e-05
148 1.23194300e-05
149 1.01602942e-05
150 8.31631359e-06
151 6.72180767e-06
152 5.33873727e-06
153 4.14694253e-06
154 3.13558424e-06
155 2.29669616e-06
156 1.62095356e-06
157 1.09566781e-06
158 7.05440073e-07
159 4.31936724e-07
160 6.74211659e-05
161 5.52492233e-05
162 4.50485574e-05
163 3.66879178e-05
164 2.99478235e-05
165 2.45571694e-05
166 2.02399954e-05
167 1.67408821e-05
168 1.38511046e-05
169 1.14136243e-05
170 9.32094630e-06
171 7.50630256e-06
172 5.93219338e-06
173 4.57919882e-06
174 3.43649459e-06
175 2.49496104e-06
176 1.74290004e-06
177 1.16434026e-06
178 7.40524805e-07
179 4.46606438e-07
180 7.75616110e-05
181 6.35338093e-05
182 5.18608171e-05
183 4.23380251e-05
184 3.46738539e-05
185 2.85283504e-05
186 2.35767099e-05
187 1.95283871e-05
188 1.61518659e-05
189 1.32789829e-05
190 1.07994625e-05
191 8.64575501e-06
192 6.78014763e-06
193 5.18600058e-06
194 3.84995987e-06
195 2.76073873e-06
196 1.90169195e-06
197 1.25113160e-06
198 7.83945707e-07
199 4.60953344e-07
200 3.23863667e-06
201 3.29074159e-06
202 3.29714949e-06
203 3.24844539e-06
204 3.13863655e-06
205 2.96664478e-06
206 2.73836255e-06
207 2.46584520e-06
208 2.16659892e-06
209 1.86034707e-06
210 1.56564889e-06
211 1.29702325e-06
212 1.06340424e-06
213 8.68091238e-07
214 7.09777287e-07
215 5.84095947e-07
216 4.85178789e-07
217 4.06911293e-07
218 3.43711081e-07
219 2.91054518e-07
220 4.09273549e-06
221 4.13218523e-06
222 4.10783996e-06
223 4.00955430e-06
224 3.83293202e-06
225 3.58091450e-06
226 3.26554719e-06
227 2.90571479e-06
228 2.52516507e-06
229 2.14802384e-06
230 1.79496622e-06
231 1.48055488e-06
232 1.21230505e-06
233 9.91335175e-07
234 8.13981397e-07
235 6.73742962e-07
236 5.63044730e-07
237 4.74548845e-07
238 4.01925286e-07
239 3.40396332e-07
240 5.88069659e-06
241 5.90315586e-06
242 5.82731335e-06
243 5.64114792e-06
244 5.34240783e-06
245 4.94042441e-06
246 4.45763006e-06
247 3.92490571e-06
248 3.37767790e-06
249 2.84922917e-06
250 2.36582434e-06
251 1.94398556e-06
252 1.59023464e-06
253 1.30277867e-06
254 1.07415376e-06
255 8.93988163e-07
256 7.51290498e-07
257 6.36029726e-07
258 5.39987680e-07
259 4.56951923e-07
260 6.31052562e-06
261 6.31145764e-06
262 6.20726432e-06
263 5.98684431e-06
264 5.64942507e-06
265 5.20631189e-06
266 4.68235419e-06
267 4.11074796e-06
268 3.52882421e-06
269 2.97100865e-06
270 2.46388752e-06
271 2.02360934e-06
272 1.65586507e-06
273 1.35783579e-06
274 1.12104909e-06
275 9.34281354e-07
276 7.85914770e-07
277 6.65536341e-07
278 5.64680286e-07
279 4.77282111e-07
280 5.81133198e-06
281 5.80549207e-06
282 5.69819612e-06
283 5.48047206e-06
284 5.15415984e-06
285 4.73279544e-06
286 4.24186702e-06
287 3.71319530e-06
288 3.18084187e-06
289 2.67502107e-06
290 2.21823075e-06
291 1.82348263e-06
292 1.49465648e-06
293 1.22838868e-06
294 1.01661564e-06
295 8.49088237e-07
296 7.15383008e-07
297 6.06267025e-07
298 5.14411071e-07
299 4.34744946e-07
300 9.40782858e-06
301 9.30673292e-06
302 9.02923962e-06
303 8.56995307e-06
304 7.94378179e-06
305 7.18485396e-06
306 6.34378565e-06
307 5.47602390e-06
308 4.63461561e-06
309 3.86154003e-06
310 3.18372999e-06
311 2.61259354e-06
312 2.14636570e-06
313 1.77406516e-06
314 1.47971851e-06
315 1.24601923e-06
316 1.05694214e-06
317 8.99302779e-07
318 7.63381235e-07
319 6.43051074e-07
320 1.03226097e-05
321 1.01750217e-05
322 9.83382833e-06
323 9.29643005e-06
324 8.58243564e-06
325 7.73183690e-06
326 6.80146424e-06
327 5.85186011e-06
328 4.93953835e-06
329 4.10797137e-06
330 3.38386028e-06
331 2.77715653e-06
332 2.28398697e-06
333 1.89112069e-06
334 1.58055274e-06
335 1.33336686e-06
336 1.13241665e-06
337 9.63852602e-07
338 8.17484276e-07
339 6.87348257e-07
340 1.87705406e-05
341 1.82061351e-05
342 1.72759924e-05
343 1.60110879e-05
344 1.44834921e-05
345 1.27928302e-05
346 1.10531312e-05
347 9.36787053e-06
348 7.82029090e-06
349 6.46341346e-06
350 5.31961136e-06
351 4.38527235e-06
352 3.63840827e-06
353 3.04700925e-06
354 2.57627440e-06
355 2.19394814e-06
356 1.87347140e-06
357 1.59535750e-06
358 1.34756522e-06
359 1.12222310e-06
360 2.18304379e-05
361 2.10487176e-05
362 1.98466633e-05
363 1.82739019e-05
364 1.64253132e-05
365 1.44224975e-05
366 1.23976903e-05
367 1.04655424e-05
368 8.71404617e-06
369 7.19516283e-06
370 5.92620840e-06
371 4.89640875e-06
372 4.07612493e-06
373 3.42638358e-06
374 2.90678265e-06
375 2.48109605e-06
376 2.12037558e-06
377 1.80411654e-06
378 1.52036827e-06
379 1.25987089e-06
380 2.65024633e-05
381 2.53255627e-05
382 2.36602522e-05
383 2.15900815e-05
384 1.92441884e-05
385 1.67717371e-05
386 1.43316469e-05
387 1.20478073e-05
388 1.00115932e-05
389 8.26914529e-06
390 6.82858340e-06
391 5.66640890e-06
392 4.74173090e-06
393 4.00706545e-06
394 3.41324301e-06
395 2.91979751e-06
396 2.49513352e-06
397 2.11810157e-06
398 1.77671442e-06
399 1.45955152e-06
400 0.00000000e+00
401 0.00000000e+00
402 0.00000000e+00
403 0.00000000e+00
404 0.00000000e+00
405 0.00000000e+00
406 0.00000000e+00
407 0.00000000e+00
408 0.00000000e+00
409 0.00000000e+00
410 0.00000000e+00
411 0.00000000e+00
412 0.00000000e+00
413 0.00000000e+00
414 9.23740604e-05
415 7.97709600e-05
416 6.83292549e-05
417 5.76318331e-05
418 4.75614857e-05
419 3.81885006e-05
420 0.00000000e+00
421 0.00000000e+00
422 0.00000000e+00
423 0.00000000e+00
424 0.00000000e+00
425 0.00000000e+00
426 0.00000000e+00
427 0.00000000e+00
428 0.00000000e+00
429 0.00000000e+00
430 0.00000000e+00
431 0.00000000e+00
432 0.00000000e+00
433 0.00000000e+00
434 1.27312232e-04
435 1.09913208e-04
436 9.40230721e-05
437 7.91244809e-05
438 6.50992025e-05
439 5.20726496e-05
440 0.00000000e+00
441 0.00000000e+00
442 0.00000000e+00
443 0.00000000e+00
444 0.00000000e+00
445 0.00000000e+00
446 0.00000000e+00
447 0.00000000e+00
448 0.00000000e+00
449 0.00000000e+00
450 0.00000000e+00
451 0.00000000e+00
452 0.00000000e+00
453 0.00000000e+00
454 1.90729346e-04
455 1.64631430e-04
456 1.40708044e-04
457 1.18238934e-04
458 9.70880914e-05
459 7.74703037e-05
460 0.00000000e+00
461 0.00000000e+00
462 0.00000000e+00
463 0.00000000e+00
464 0.00000000e+00
465 0.00000000e+00
466 0.00000000e+00
467 0.00000000e+00
468 0.00000000e+00
469 0.00000000e+00
470 0.00000000e+00
471 0.00000000e+00
472 0.00000000e+00
473 0.00000000e+00
474 2.02672574e-04
475 1.74932630e-04
476 1.49485419e-04
477 1.25577245e-04
478 1.03072304e-04
479 8.22044944e-05
480 0.00000000e+00
481 0.00000000e+00
482 0.00000000e+00
483 0.00000000e+00
484 0.00000000e+00
485 0.00000000e+00
486 0.00000000e+00
487 0.00000000e+00
488 0.00000000e+00
489 0.00000000e+00
490 0.00000000e+00
491 0.00000000e+00
492 3.13876387e-05
493 2.73560614e-05
494 2.36529257e-05
495 2.01358467e-05
496 1.67687427e-05
497 1.35840031e-05
498 1.06482846e-05
499 8.02748567e-06
500 0.00000000e+00
501 0.00000000e+00
502 0.00000000e+00
503 0.00000000e+00
504 0.00000000e+00
505 0.00000000e+00
506 0.00000000e+00
507 0.00000000e+00
508 0.00000000e+00
509 0.00000000e+00
510 0.00000000e+00
511 0.00000000e+00
512 8.38437662e-05
513 7.29955973e-05
514 6.29549275e-05
515 5.33975373e-05
516 4.42664036e-05
517 3.56716358e-05
518 2.77992702e-05
519 2.08015581e-05
520 0.00000000e+00
521 0.00000000e+00
522 0.00000000e+00
523 0.00000000e+00
524 0.00000000e+00
525 0.00000000e+00
526 0.00000000e+00
527 0.00000000e+00
528 0.00000000e+00
529 0.00000000e+00
530 0.00000000e+00
531 0.00000000e+00
532 1.85871761e-04
533 1.61743481e-04
534 1.39307647e-04
535 1.17916759e-04
536 9.74961968e-05
537 7.83224187e-05
538 6.08202086e-05
539 4.52937397e-05
540 0.00000000e+00
541 0.00000000e+00
542 0.00000000e+00
543 0.00000000e+00
544 0.00000000e+00
545 0.00000000e+00
546 0.00000000e+00
547 0.00000000e+00
548 0.00000000e+00
549 0.00000000e+00
550 0.00000000e+00
551 0.00000000e+00
552 2.12571156e-04
553 1.84962933e-04
554 1.59272107e-04
555 1.34771272e-04
556 1.11384657e-04
557 8.94344265e-05
558 6.94086915e-05
559 5.16489522e-05
560 0.00000000e+00
561 0.00000000e+00
562 0.00000000e+00
563 0.00000000e+00
564 0.00000000e+00
565 0.00000000e+00
566 0.00000000e+00
567 0.00000000e+00
568 0.00000000e+00
569 0.00000000e+00
570 0.00000000e+00
571 -2.20505734e-13
572 -3.49470472e-13
573 -5.53854357e-13
574 -8.77752237e-13
575 -1.39102359e-12
576 -2.20432251e-12
577 -3.49285900e-12
578 -5.53390807e-12
579 -8.76588144e-12
580 0.00000000e+00
581 0.00000000e+00
582 0.00000000e+00
583 0.00000000e+00
584 0.00000000e+00
585 0.00000000e+00
586 0.00000000e+00
587 0.00000000e+00
588 0.00000000e+00
589 0.00000000e+00
590 0.00000000e+00
591 1.37639116e-05
592 1.21056357e-05
593 1.04975244e-05
594 8.91094306e-06
595 7.35975168e-06
596 5.88269805e-06
597 4.52647351e-06
598 3.32850636e-06
599 2.25901024e-06
600 0.00000000e+00
601 0.00000000e+00
602 0.00000000e+00
603 0.00000000e+00
604 0.00000000e+00
605 0.00000000e+00
606 0.00000000e+00
607 0.00000000e+00
608 0.00000000e+00
609 0.00000000e+00
610 0.00000000e+00
611 1.23186879e-04
612 1.07615155e-04
613 9.26726953e-05
614 7.81600066e-05
615 6.41914268e-05
616 5.10871262e-05
617 3.92063260e-05
618 2.87464464e-05
619 1.95763060e-05
620 0.00000000e+00
621 0.00000000e+00
622 0.00000000e+00
623 0.00000000e+00
624 0.00000000e+00
625 0.00000000e+00
626 0.00000000e+00
627 0.00000000e+00
628 0.00000000e+00
629 0.00000000e+00
630 0.00000000e+00
631 1.66572527e-04
632 1.45464377e-04
633 1.25213376e-04
634 1.05530581e-04
635 8.66134291e-05
636 6.88872077e-05
637 5.28310707e-05
638 3.86936038e-05
639 2.63517256e-05
640 0.00000000e+00
641 0.00000000e+00
642 0.00000000e+00
643 0.00000000e+00
644 0.00000000e+00
645 0.00000000e+00
646 0.00000000e+00
647 0.00000000e+00
648 0.00000000e+00
649 0.00000000e+00
650 9.06873229e-06
651 7.77516358e-06
652 6.61954227e-06
653 5.57192974e-06
654 4.61788524e-06
655 3.75436624e-06
656 2.98443660e-06
657 2.30892509e-06
658 1.70671882e-06
659 1.33545570e-06
660 0.00000000e+00
661 0.00000000e+00
662 0.00000000e+00
663 0.00000000e+00
664 0.00000000e+00
665 0.00000000e+00
666 0.00000000e+00
667 0.00000000e+00
668 0.00000000e+00
669 0.00000000e+00
670 1.01836556e-05
671 8.72494447e-06
672 7.43517662e-06
673 6.27321036e-06
674 5.21724472e-06
675 4.26014959e-06
676 3.40333261e-06
677 2.64688295e-06
678 1.97138828e-06
679 1.54567543e-06
680 0.00000000e+00
681 0.00000000e+00
682 0.00000000e+00
683 0.00000000e+00
684 0.00000000e+00
685 0.00000000e+00
686 0.00000000e+00
687 0.00000000e+00
688 0.00000000e+00
689 0.00000000e+00
690 7.28531905e-05
691 6.37093326e-05
692 5.50746020e-05
693 4.67686783e-05
694 3.88025082e-05
695 3.13060197e-05
696 2.44553332e-05
697 1.83932521e-05
698 1.29756147e-05
699 9.45430486e-06
700 0.00000000e+00
701 0.00000000e+00
702 0.00000000e+00
703 0.00000000e+00
704 0.00000000e+00
705 0.00000000e+00
706 0.00000000e+00
707 0.00000000e+00
708 0.00000000e+00
709 0.00000000e+00
710 1.45615522e-04
711 1.27547599e-04
712 1.10263202e-04
713 9.34877173e-05
714 7.73242481e-05
715 6.20991734e-05
716 4.82099908e-05
717 3.59490315e-05
718 2.50065839e-05
719 1.83652033e-05
720 0.00000000e+00
721 0.00000000e+00
722 0.00000000e+00
723 0.00000000e+00
724 0.00000000e+00
725 0.00000000e+00
726 0.00000000e+00
727 0.00000000e+00
728 0.00000000e+00
729 1.47503328e-05
730 1.26018038e-05
731 1.07176313e-05
732 9.04591464e-06
733 7.55143820e-06
734 6.21458891e-06
735 5.02706408e-06
736 3.98575688e-06
737 3.06583132e-06
738 2.33536226e-06
739 1.86262361e-06
740 0.00000000e+00
741 0.00000000e+00
742 0.00000000e+00
743 0.00000000e+00
744 0.00000000e+00
745 0.00000000e+00
746 0.00000000e+00
747 0.00000000e+00
748 0.00000000e+00
749 1.93909266e-05
750 1.66003413e-05
751 1.41697288e-05
752 1.20130069e-05
753 1.00742597e-05
754 8.32454498e-06
755 6.75425483e-06
756 5.36332130e-06
757 4.12539764e-06
758 3.13074678e-06
759 2.47181073e-06
760 0.00000000e+00
761 0.00000000e+00
762 0.00000000e+00
763 0.00000000e+00
764 0.00000000e+00
765 0.00000000e+00
766 0.00000000e+00
767 0.00000000e+00
768 0.00000000e+00
769 3.35386684e-05
770 2.88806106e-05
771 2.48175544e-05
772 2.11756607e-05
773 1.78514605e-05
774 1.48006392e-05
775 1.20199589e-05
776 9.52648121e-06
777 7.30225717e-06
778 5.44368893e-06
779 4.24203974e-06
780 0.00000000e+00
781 0.00000000e+00
782 0.00000000e+00
783 0.00000000e+00
784 0.00000000e+00
785 0.00000000e+00
786 0.00000000e+00
787 0.00000000e+00
788 0.00000000e+00
789 9.99857293e-05
790 8.75923131e-05
791 7.60388441e-05
792 6.50153834e-05
793 5.44623109e-05
794 4.44924692e-05
795 3.53040657e-05
796 2.70959832e-05
797 1.98118462e-05
798 1.40665087e-05
799 1.09340250e-05
800 0.00000000e+00
801 0.00000000e+00
802 0.00000000e+00
803 0.00000000e+00
804 0.00000000e+00
805 0.00000000e+00
806 0.00000000e+00
807 0.00000000e+00
808 0.00000000e+00
809 0.00000000e+00
810 0.00000000e+00
811 0.00000000e+00
812 5.69395129e-02
813 4.52993946e-02
814 3.50367292e-02
815 2.62115486e-02
816 1.88612963e-02
817 1.29698694e-02
818 8.45685879e-03
819 5.18137397e-03
820 0.00000000e+00
821 0.00000000e+00
822 0.00000000e+00
823 0.00000000e+00
824 0.00000000e+00
825 0.00000000e+00
826 0.00000000e+00
827 0.00000000e+00
828 0.00000000e+00
829 0.00000000e+00
830 4.50278609e-02
831 3.59861082e-02
832 2.79659159e-02
833 2.10274422e-02
834 1.52144619e-02
835 1.05285336e-02
836 6.91836388e-03
837 4.28136788e-03
838 2.47549334e-03
839 1.34968981e-03
840 0.00000000e+00
841 0.00000000e+00
842 0.00000000e+00
843 0.00000000e+00
844 0.00000000e+00
845 0.00000000e+00
846 0.00000000e+00
847 0.00000000e+00
848 0.00000000e+00
849 3.99055179e-02
850 3.16873589e-02
851 2.44293771e-02
852 1.82002322e-02
853 1.30356927e-02
854 8.92610278e-03
855 5.80816975e-03
856 3.57133128e-03
857 2.07060535e-03
858 1.16580730e-03
859 7.91125274e-04
860 0.00000000e+00
861 0.00000000e+00
862 0.00000000e+00
863 0.00000000e+00
864 0.00000000e+00
865 0.00000000e+00
866 0.00000000e+00
867 0.00000000e+00
868 5.09375016e-02
869 4.06204787e-02
870 3.14672706e-02
871 2.35666176e-02
872 1.69750348e-02
873 1.16911927e-02
874 7.64673235e-03
875 4.71180882e-03
876 2.71415583e-03
877 1.47502260e-03
878 9.49307203e-04
879 3.22764399e-04
880 0.00000000e+00
881 0.00000000e+00
882 0.00000000e+00
883 0.00000000e+00
884 0.00000000e+00
885 0.00000000e+00
886 0.00000000e+00
887 6.71403126e-02
888 5.40393025e-02
889 4.23195092e-02
890 3.21001748e-02
891 2.34700467e-02
892 1.64507867e-02
893 1.09822657e-02
894 6.92697912e-03
895 4.09295865e-03
896 2.26822066e-03
897 1.34298700e-03
898 8.32943313e-04
899 -7.65100435e-05
900 0.00000000e+00
901 0.00000000e+00
902 0.00000000e+00
903 0.00000000e+00
904 0.00000000e+00
905 0.00000000e+00
906 0.00000000e+00
907 0.00000000e+00
908 9.96999923e-04
909 7.92556558e-04
910 6.22688256e-04
911 4.74375127e-04
912 3.42415990e-04
913 2.26587256e-04
914 1.27228066e-04
915 4.64015773e-05
916 -1.41489954e-05
917 -5.24584909e-05
918 -6.72610841e-05
919 -5.90431409e-05
920 0.00000000e+00
921 0.00000000e+00
922 0.00000000e+00
923 0.00000000e+00
924 0.00000000e+00
925 0.00000000e+00
926 0.00000000e+00
927 0.00000000e+00
928 0.00000000e+00
929 0.00000000e+00
930 6.36388703e-04
931 4.72531649e-04
932 3.27861609e-04
933 2.04630430e-04
934 1.03639510e-04
935 2.62300293e-05
936 -2.74894982e-05
937 -5.76390351e-05
938 -6.51486554e-05
939 -5.20137515e-05
940 0.00000000e+00
941 0.00000000e+00
942 0.00000000e+00
943 0.00000000e+00
944 0.00000000e+00
945 0.00000000e+00
946 0.00000000e+00
947 0.00000000e+00
948 0.00000000e+00
949 0.00000000e+00
950 5.97070841e-04
951 4.28328231e-04
952 2.83984026e-04
953 1.66021030e-04
954 7.41405331e-05
955 7.98458462e-06
956 -3.42961957e-05
957 -5.46585424e-05
958 -5.50210878e-05
959 -3.72761645e-05
960 0.00000000e+00
961 0.00000000e+00
962 0.00000000e+00
963 0.00000000e+00
964 0.00000000e+00
965 0.00000000e+00
966 0.00000000e+00
967 0.00000000e+00
968 1.18994855e-03
969 9.17012187e-04
970 6.78369063e-04
971 4.73520926e-04
972 3.03247692e-04
973 1.68662708e-04
974 6.78472228e-05
975 -1.43132134e-06
976 -4.29080322e-05
977 -5.98591602e-05
978 -5.30235912e-05
979 -4.29869004e-05
980 0.00000000e+00
981 0.00000000e+00
982 0.00000000e+00
983 0.00000000e+00
984 0.00000000e+00
985 0.00000000e+00
986 0.00000000e+00
987 0.00000000e+00
988 1.25347898e-03
989 9.50495193e-04
990 6.89487174e-04
991 4.70031184e-04
992 2.92085555e-04
993 1.55359790e-04
994 5.62704167e-05
995 -9.09399791e-06
996 -4.58362950e-05
997 -5.60411670e-05
998 -5.10029765e-05
999 -4.79879517e-05
1000 0.00000000e+00
1001 0.00000000e+00
1002 0.00000000e+00
1003 0.00000000e+00
1004 0.00000000e+00
1005 0.00000000e+00
1006 0.00000000e+00
1007 0.00000000e+00
1008 0.00000000e+00
1009 0.00000000e+00
1010 0.00000000e+00
1011 0.00000000e+00
1012 3.01986717e-06
1013 2.51569856e-06
1014 2.08629547e-06
1015 1.70602483e-06
1016 1.35887818e-06
1017 1.03094753e-06
1018 7.11063865e-07
1019 3.98340865e-07
1020 0.00000000e+00
1021 0.00000000e+00
1022 0.00000000e+00
1023 0.00000000e+00
1024 0.00000000e+00
1025 0.00000000e+00
1026 0.00000000e+00
1027 0.00000000e+00
1028 0.00000000e+00
1029 0.00000000e+00
1030 0.00000000e+00
1031 0.00000000e+00
1032 4.53815171e-06
1033 3.82369399e-06
1034 3.19825582e-06
1035 2.62766237e-06
1036 2.09371262e-06
1037 1.58104012e-06
1038 1.08016490e-06
1039 5.93076586e-07
1040 0.00000000e+00
1041 0.00000000e+00
1042 0.00000000e+00
1043 0.00000000e+00
1044 0.00000000e+00
1045 0.00000000e+00
1046 0.00000000e+00
1047 0.00000000e+00
1048 0.00000000e+00
1049 0.00000000e+00
1050 0.00000000e+00
1051 0.00000000e+00
1052 0.00000000e+00
1053 0.00000000e+00
1054 6.84627303e-06
1055 5.61354739e-06
1056 4.43601509e-06
1057 3.30040610e-06
1058 2.19789459e-06
1059 1.16250503e-06
1060 0.00000000e+00
1061 0.00000000e+00
1062 0.00000000e+00
1063 0.00000000e+00
1064 0.00000000e+00
1065 0.00000000e+00
1066 0.00000000e+00
1067 0.00000000e+00
1068 0.00000000e+00
1069 0.00000000e+00
1070 0.00000000e+00
1071 0.00000000e+00
1072 0.00000000e+00
1073 0.00000000e+00
1074 9.38523386e-06
1075 7.61624542e-06
1076 5.93877416e-06
1077 4.34751639e-06
1078 2.85247943e-06
1079 1.50386647e-06
1080 2.13907593e-07
1081 1.91821925e-07
1082 1.45651726e-07
1083 1.09587333e-07
1084 8.50811158e-08
1085 6.82247909e-08
1086 5.60301265e-08
1087 4.68280699e-08
1088 3.96069289e-08
