0 1.673326e-05
1 1.414068e-05
2 1.177197e-05
3 9.666906e-06
4 7.849698e-06
5 6.325749e-06
6 5.081555e-06
7 4.087155e-06
8 3.302677e-06
9 2.685042e-06
10 2.194090e-06
11 1.796515e-06
12 1.467103e-06
13 1.188565e-06
14 9.499714e-07
15 7.450098e-07
16 5.701809e-07
17 4.234201e-07
18 3.031408e-07
19 2.075833e-07
20 1.944297e-05
21 1.632053e-05
22 1.350617e-05
23 1.104039e-05
24 8.941332e-06
25 7.203010e-06
26 5.797614e-06
27 4.680317e-06
28 3.798724e-06
29 3.100624e-06
30 2.539964e-06
31 2.080156e-06
32 1.694728e-06
33 1.366174e-06
34 1.083854e-06
35 8.417703e-07
36 6.366058e-07
37 4.661950e-07
38 3.283803e-07
39 2.207061e-07
40 2.596726e-05
41 2.166324e-05
42 1.783101e-05
43 1.451631e-05
44 1.173033e-05
45 9.449148e-06
46 7.620807e-06
47 6.173806e-06
48 5.031313e-06
49 4.121065e-06
50 3.382483e-06
51 2.769610e-06
52 2.250512e-06
53 1.805001e-06
54 1.421347e-06
55 1.093202e-06
56 8.169103e-07
57 5.897001e-07
58 4.084668e-07
59 2.690789e-07
60 2.712877e-05
61 2.259711e-05
62 1.857727e-05
63 1.511236e-05
64 1.220884e-05
65 9.837086e-06
66 7.938740e-06
67 6.436577e-06
68 5.249218e-06
69 4.300910e-06
70 3.529068e-06
71 2.886677e-06
72 2.341514e-06
73 1.873403e-06
74 1.470700e-06
75 1.127031e-06
76 8.386647e-07
77 6.025557e-07
78 4.151199e-07
79 2.714156e-07
80 2.442403e-05
81 2.032134e-05
82 1.669674e-05
83 1.358449e-05
84 1.098444e-05
85 8.864111e-06
86 7.166955e-06
87 5.821428e-06
88 4.754070e-06
89 3.898063e-06
90 3.198500e-06
91 2.614492e-06
92 2.118031e-06
93 1.691614e-06
94 1.325127e-06
95 1.012991e-06
96 7.517880e-07
97 5.385780e-07
98 3.699306e-07
99 2.416613e-07
100 3.557910e-05
101 2.937850e-05
102 2.399867e-05
103 1.946133e-05
104 1.573145e-05
105 1.272766e-05
106 1.034030e-05
107 8.447611e-06
108 6.934891e-06
109 5.704896e-06
110 4.682906e-06
111 3.816307e-06
112 3.071588e-06
113 2.429063e-06
114 1.877925e-06
115 1.412268e-06
116 1.027721e-06
117 7.193714e-07
118 4.809523e-07
119 3.046353e-07
120 3.794775e-05
121 3.128282e-05
122 2.552591e-05
123 2.069055e-05
124 1.672948e-05
125 1.354708e-05
126 1.101971e-05
127 9.013771e-06
128 7.406000e-06
129 6.093760e-06
130 4.998827e-06
131 4.067411e-06
132 3.265659e-06
133 2.573965e-06
134 1.981721e-06
135 1.482952e-06
136 1.072890e-06
137 7.459930e-07
138 4.948726e-07
139 3.102589e-07
140 6.020504e-05
141 4.931061e-05
142 4.011430e-05
143 3.254310e-05
144 2.643072e-05
145 2.155416e-05
146 1.767344e-05
147 1.455752e-05
148 1.201186e-05
149 9.886769e-06
150 8.077148e-06
151 6.515848e-06
152 5.164108e-06
153 4.001356e-06
154 3.016538e-06
155 2.201567e-06
156 1.546873e-06
157 1.039740e-06
158 6.640264e-07
159 4.014356e-07
160 6.721477e-05
161 5.497703e-05
162 4.471506e-05
163 3.631040e-05
164 2.954665e-05
165 2.415344e-05
166 1.985083e-05
167 1.637796e-05
168 1.352129e-05
169 1.111989e-05
170 9.063695e-06
171 7.284476e-06
172 5.743867e-06
173 4.422067e-06
174 3.307994e-06
175 2.392274e-06
176 1.663103e-06
177 1.104239e-06
178 6.958620e-07
179 4.140769e-07
180 7.744012e-05
181 6.329859e-05
182 5.153052e-05
183 4.194170e-05
184 3.423979e-05
185 2.808605e-05
186 2.314815e-05
187 1.912760e-05
188 1.578746e-05
189 1.295478e-05
190 1.051504e-05
191 8.399800e-06
192 6.571771e-06
193 5.011786e-06
194 3.707778e-06
195 2.647369e-06
196 1.813863e-06
197 1.185055e-06
198 7.344907e-07
199 4.264030e-07
200 3.179192e-06
201 3.231105e-06
202 3.239292e-06
203 3.194792e-06
204 3.091026e-06
205 2.926325e-06
206 2.705709e-06
207 2.440337e-06
208 2.146915e-06
209 1.844860e-06
210 1.552840e-06
211 1.285761e-06
212 1.052940e-06
213 8.580732e-07
214 7.000892e-07
215 5.747485e-07
216 4.761848e-07
217 3.982862e-07
218 3.355315e-07
219 2.834683e-07
220 4.027108e-06
221 4.067754e-06
222 4.046981e-06
223 3.954974e-06
224 3.786336e-06
225 3.543142e-06
226 3.236275e-06
227 2.883556e-06
228 2.508220e-06
229 2.134442e-06
230 1.783173e-06
231 1.469519e-06
232 1.201479e-06
233 9.805505e-07
234 8.032709e-07
235 6.632139e-07
236 5.528215e-07
237 4.647323e-07
238 3.926180e-07
239 3.317409e-07
240 5.812698e-06
241 5.837527e-06
242 5.766926e-06
243 5.589292e-06
244 5.300707e-06
245 4.909006e-06
246 4.435332e-06
247 3.909354e-06
248 3.366237e-06
249 2.839613e-06
250 2.356433e-06
251 1.933995e-06
252 1.579368e-06
253 1.291148e-06
254 1.062012e-06
255 8.816253e-07
256 7.389318e-07
257 6.238840e-07
258 5.283038e-07
259 4.461252e-07
260 6.253472e-06
261 6.256611e-06
262 6.157276e-06
263 5.944718e-06
264 5.616516e-06
265 5.182692e-06
266 4.666706e-06
267 4.100773e-06
268 3.521963e-06
269 2.964934e-06
270 2.457167e-06
271 2.015547e-06
272 1.646402e-06
273 1.347241e-06
274 1.109686e-06
275 9.225126e-07
276 7.740587e-07
277 6.538462e-07
278 5.534149e-07
279 4.666116e-07
280 5.724308e-06
281 5.724024e-06
282 5.625283e-06
283 5.419085e-06
284 5.105294e-06
285 4.695897e-06
286 4.215000e-06
287 3.693515e-06
288 3.165484e-06
289 2.661732e-06
290 2.205432e-06
291 1.810423e-06
292 1.481088e-06
293 1.214419e-06
294 1.002500e-06
295 8.351151e-07
296 7.018040e-07
297 5.932928e-07
298 5.021976e-07
299 4.233878e-07
300 9.302970e-06
301 9.214008e-06
302 8.952311e-06
303 8.511619e-06
304 7.903258e-06
305 7.159157e-06
306 6.328514e-06
307 5.466297e-06
308 4.626296e-06
309 3.851997e-06
310 3.171743e-06
311 2.597923e-06
312 2.129559e-06
313 1.755800e-06
314 1.460648e-06
315 1.226799e-06
316 1.038061e-06
317 8.811151e-07
318 7.461824e-07
319 6.269155e-07
320 1.023245e-05
321 1.009757e-05
322 9.772347e-06
323 9.253387e-06
324 8.556541e-06
325 7.719440e-06
326 6.797521e-06
327 5.851219e-06
328 4.938226e-06
329 4.103696e-06
330 3.375553e-06
331 2.765057e-06
332 2.268886e-06
333 1.873937e-06
334 1.562119e-06
335 1.314437e-06
336 1.113568e-06
337 9.455150e-07
338 8.000485e-07
339 6.708282e-07
340 1.864457e-05
341 1.811590e-05
342 1.722217e-05
343 1.599124e-05
344 1.448857e-05
345 1.281200e-05
346 1.107608e-05
347 9.386253e-06
348 7.829017e-06
349 6.460995e-06
350 5.306655e-06
351 4.363771e-06
352 3.610777e-06
353 3.015520e-06
354 2.542877e-06
355 2.160076e-06
356 1.840133e-06
357 1.563396e-06
358 1.317179e-06
359 1.094354e-06
360 2.174568e-05
361 2.100469e-05
362 1.984093e-05
363 1.830095e-05
364 1.647326e-05
365 1.447833e-05
366 1.244972e-05
367 1.050557e-05
368 8.738038e-06
369 7.202690e-06
370 5.919234e-06
371 4.878055e-06
372 4.049677e-06
373 3.394804e-06
374 2.872431e-06
375 2.445691e-06
376 2.085231e-06
377 1.770080e-06
378 1.487695e-06
379 1.230206e-06
380 2.649309e-05
381 2.536353e-05
382 2.373660e-05
383 2.169328e-05
384 1.935807e-05
385 1.688295e-05
386 1.442652e-05
387 1.211962e-05
388 1.005740e-05
389 8.290566e-06
390 6.829136e-06
391 5.651571e-06
392 4.716511e-06
393 3.974531e-06
394 3.376932e-06
395 2.881742e-06
396 2.456855e-06
397 2.080611e-06
398 1.740569e-06
399 1.427537e-06
400 0.000000e+00
401 0.000000e+00
402 0.000000e+00
403 0.000000e+00
404 0.000000e+00
405 0.000000e+00
406 0.000000e+00
407 0.000000e+00
408 0.000000e+00
409 0.000000e+00
410 0.000000e+00
411 0.000000e+00
412 0.000000e+00
413 0.000000e+00
414 9.449612e-05
415 8.143804e-05
416 6.963166e-05
417 5.862788e-05
418 4.829339e-05
419 3.869123e-05
420 0.000000e+00
421 0.000000e+00
422 0.000000e+00
423 0.000000e+00
424 0.000000e+00
425 0.000000e+00
426 0.000000e+00
427 0.000000e+00
428 0.000000e+00
429 0.000000e+00
430 0.000000e+00
431 0.000000e+00
432 0.000000e+00
433 0.000000e+00
434 1.298706e-04
435 1.119045e-04
436 9.556382e-05
437 8.028999e-05
438 6.594425e-05
439 5.264273e-05
440 0.000000e+00
441 0.000000e+00
442 0.000000e+00
443 0.000000e+00
444 0.000000e+00
445 0.000000e+00
446 0.000000e+00
447 0.000000e+00
448 0.000000e+00
449 0.000000e+00
450 0.000000e+00
451 0.000000e+00
452 0.000000e+00
453 0.000000e+00
454 1.943091e-04
455 1.674051e-04
456 1.428439e-04
457 1.198456e-04
458 9.824522e-05
459 7.824428e-05
460 0.000000e+00
461 0.000000e+00
462 0.000000e+00
463 0.000000e+00
464 0.000000e+00
465 0.000000e+00
466 0.000000e+00
467 0.000000e+00
468 0.000000e+00
469 0.000000e+00
470 0.000000e+00
471 0.000000e+00
472 0.000000e+00
473 0.000000e+00
474 2.064556e-04
475 1.778640e-04
476 1.517427e-04
477 1.272753e-04
478 1.042953e-04
479 8.302303e-05
480 0.000000e+00
481 0.000000e+00
482 0.000000e+00
483 0.000000e+00
484 0.000000e+00
485 0.000000e+00
486 0.000000e+00
487 0.000000e+00
488 0.000000e+00
489 0.000000e+00
490 0.000000e+00
491 0.000000e+00
492 3.284322e-05
493 2.855863e-05
494 2.464213e-05
495 2.093606e-05
496 1.739700e-05
497 1.405579e-05
498 1.098184e-05
499 8.248850e-06
500 0.000000e+00
501 0.000000e+00
502 0.000000e+00
503 0.000000e+00
504 0.000000e+00
505 0.000000e+00
506 0.000000e+00
507 0.000000e+00
508 0.000000e+00
509 0.000000e+00
510 0.000000e+00
511 0.000000e+00
512 8.618279e-05
513 7.487257e-05
514 6.445518e-05
515 5.457489e-05
516 4.515672e-05
517 3.630682e-05
518 2.821597e-05
519 2.106617e-05
520 0.000000e+00
521 0.000000e+00
522 0.000000e+00
523 0.000000e+00
524 0.000000e+00
525 0.000000e+00
526 0.000000e+00
527 0.000000e+00
528 0.000000e+00
529 0.000000e+00
530 0.000000e+00
531 0.000000e+00
532 1.903097e-04
533 1.652668e-04
534 1.420932e-04
535 1.200767e-04
536 9.910485e-05
537 7.944627e-05
538 6.153662e-05
539 4.576139e-05
540 0.000000e+00
541 0.000000e+00
542 0.000000e+00
543 0.000000e+00
544 0.000000e+00
545 0.000000e+00
546 0.000000e+00
547 0.000000e+00
548 0.000000e+00
549 0.000000e+00
550 0.000000e+00
551 0.000000e+00
552 2.176069e-04
553 1.889601e-04
554 1.624313e-04
555 1.372200e-04
556 1.132076e-04
557 9.070751e-05
558 7.022072e-05
559 5.218475e-05
560 0.000000e+00
561 0.000000e+00
562 0.000000e+00
563 0.000000e+00
564 0.000000e+00
565 0.000000e+00
566 0.000000e+00
567 0.000000e+00
568 0.000000e+00
569 0.000000e+00
570 0.000000e+00
571 -1.026191e-06
572 -8.296986e-07
573 -6.797276e-07
574 -5.659285e-07
575 -4.784009e-07
576 -4.087931e-07
577 -3.507381e-07
578 -3.003466e-07
579 -2.516591e-07
580 0.000000e+00
581 0.000000e+00
582 0.000000e+00
583 0.000000e+00
584 0.000000e+00
585 0.000000e+00
586 0.000000e+00
587 0.000000e+00
588 0.000000e+00
589 0.000000e+00
590 0.000000e+00
591 1.496063e-05
592 1.312120e-05
593 1.134971e-05
594 9.610776e-06
595 7.916601e-06
596 6.307388e-06
597 4.833250e-06
598 3.538121e-06
599 2.415358e-06
600 0.000000e+00
601 0.000000e+00
602 0.000000e+00
603 0.000000e+00
604 0.000000e+00
605 0.000000e+00
606 0.000000e+00
607 0.000000e+00
608 0.000000e+00
609 0.000000e+00
610 0.000000e+00
611 1.267759e-04
612 1.105304e-04
613 9.501479e-05
614 7.998960e-05
615 6.556131e-05
616 5.204796e-05
617 3.982015e-05
618 2.915712e-05
619 1.993994e-05
620 0.000000e+00
621 0.000000e+00
622 0.000000e+00
623 0.000000e+00
624 0.000000e+00
625 0.000000e+00
626 0.000000e+00
627 0.000000e+00
628 0.000000e+00
629 0.000000e+00
630 0.000000e+00
631 1.712556e-04
632 1.492594e-04
633 1.282434e-04
634 1.078966e-04
635 8.837955e-05
636 7.011774e-05
637 5.361107e-05
638 3.922502e-05
639 2.681302e-05
640 0.000000e+00
641 0.000000e+00
642 0.000000e+00
643 0.000000e+00
644 0.000000e+00
645 0.000000e+00
646 0.000000e+00
647 0.000000e+00
648 0.000000e+00
649 0.000000e+00
650 9.369913e-06
651 8.024801e-06
652 6.823637e-06
653 5.734290e-06
654 4.741540e-06
655 3.843171e-06
656 3.043159e-06
657 2.346061e-06
658 1.735697e-06
659 1.317795e-06
660 0.000000e+00
661 0.000000e+00
662 0.000000e+00
663 0.000000e+00
664 0.000000e+00
665 0.000000e+00
666 0.000000e+00
667 0.000000e+00
668 0.000000e+00
669 0.000000e+00
670 1.079280e-05
671 9.242106e-06
672 7.868407e-06
673 6.627738e-06
674 5.497783e-06
675 4.472749e-06
676 3.556065e-06
677 2.752554e-06
678 2.045805e-06
679 1.557403e-06
680 0.000000e+00
681 0.000000e+00
682 0.000000e+00
683 0.000000e+00
684 0.000000e+00
685 0.000000e+00
686 0.000000e+00
687 0.000000e+00
688 0.000000e+00
689 0.000000e+00
690 7.540068e-05
691 6.580206e-05
692 5.677633e-05
693 4.811953e-05
694 3.982807e-05
695 3.203704e-05
696 2.493185e-05
697 1.868010e-05
698 1.322905e-05
699 9.309417e-06
700 0.000000e+00
701 0.000000e+00
702 0.000000e+00
703 0.000000e+00
704 0.000000e+00
705 0.000000e+00
706 0.000000e+00
707 0.000000e+00
708 0.000000e+00
709 0.000000e+00
710 1.499003e-04
711 1.310386e-04
712 1.130788e-04
713 9.569685e-05
714 7.897782e-05
715 6.325418e-05
716 4.893842e-05
717 3.638334e-05
718 2.544691e-05
719 1.796811e-05
720 0.000000e+00
721 0.000000e+00
722 0.000000e+00
723 0.000000e+00
724 0.000000e+00
725 0.000000e+00
726 0.000000e+00
727 0.000000e+00
728 0.000000e+00
729 1.499909e-05
730 1.279896e-05
731 1.087043e-05
732 9.159186e-06
733 7.628842e-06
734 6.259967e-06
735 5.045257e-06
736 3.983305e-06
737 3.060879e-06
738 2.301094e-06
739 1.810856e-06
740 0.000000e+00
741 0.000000e+00
742 0.000000e+00
743 0.000000e+00
744 0.000000e+00
745 0.000000e+00
746 0.000000e+00
747 0.000000e+00
748 0.000000e+00
749 1.978413e-05
750 1.691452e-05
751 1.441657e-05
752 1.219966e-05
753 1.020656e-05
754 8.408321e-06
755 6.796519e-06
756 5.373461e-06
757 4.127388e-06
758 3.092066e-06
759 2.410346e-06
760 0.000000e+00
761 0.000000e+00
762 0.000000e+00
763 0.000000e+00
764 0.000000e+00
765 0.000000e+00
766 0.000000e+00
767 0.000000e+00
768 0.000000e+00
769 3.504216e-05
770 3.014323e-05
771 2.586676e-05
772 2.202807e-05
773 1.851967e-05
774 1.529872e-05
775 1.236651e-05
776 9.745856e-06
777 7.440741e-06
778 5.483644e-06
779 4.198107e-06
780 0.000000e+00
781 0.000000e+00
782 0.000000e+00
783 0.000000e+00
784 0.000000e+00
785 0.000000e+00
786 0.000000e+00
787 0.000000e+00
788 0.000000e+00
789 1.034912e-04
790 9.050380e-05
791 7.843268e-05
792 6.693914e-05
793 5.594900e-05
794 4.557533e-05
795 3.603231e-05
796 2.753694e-05
797 2.014203e-05
798 1.408488e-05
799 1.068088e-05
800 0.000000e+00
801 0.000000e+00
802 0.000000e+00
803 0.000000e+00
804 0.000000e+00
805 0.000000e+00
806 0.000000e+00
807 0.000000e+00
808 0.000000e+00
809 0.000000e+00
810 0.000000e+00
811 0.000000e+00
812 5.980880e-02
813 4.750409e-02
814 3.666549e-02
815 2.735715e-02
816 1.961797e-02
817 1.342899e-02
818 8.700086e-03
819 5.276829e-03
820 0.000000e+00
821 0.000000e+00
822 0.000000e+00
823 0.000000e+00
824 0.000000e+00
825 0.000000e+00
826 0.000000e+00
827 0.000000e+00
828 0.000000e+00
829 0.000000e+00
830 4.722200e-02
831 3.768770e-02
832 2.923613e-02
833 2.192993e-02
834 1.581479e-02
835 1.089168e-02
836 7.106518e-03
837 4.350225e-03
838 2.472195e-03
839 1.304025e-03
840 0.000000e+00
841 0.000000e+00
842 0.000000e+00
843 0.000000e+00
844 0.000000e+00
845 0.000000e+00
846 0.000000e+00
847 0.000000e+00
848 0.000000e+00
849 4.177110e-02
850 3.312031e-02
851 2.548756e-02
852 1.893980e-02
853 1.351622e-02
854 9.205763e-03
855 5.941473e-03
856 3.605090e-03
857 2.043537e-03
858 1.097011e-03
859 6.849211e-04
860 0.000000e+00
861 0.000000e+00
862 0.000000e+00
863 0.000000e+00
864 0.000000e+00
865 0.000000e+00
866 0.000000e+00
867 0.000000e+00
868 5.330936e-02
869 4.242195e-02
870 3.277041e-02
871 2.444883e-02
872 1.751811e-02
873 1.197871e-02
874 7.759259e-03
875 4.720734e-03
876 2.675867e-03
877 1.416816e-03
878 8.329705e-04
879 3.513399e-04
880 0.000000e+00
881 0.000000e+00
882 0.000000e+00
883 0.000000e+00
884 0.000000e+00
885 0.000000e+00
886 0.000000e+00
887 7.023077e-02
888 5.637294e-02
889 4.398933e-02
890 3.320751e-02
891 2.412585e-02
892 1.677210e-02
893 1.108616e-02
894 6.918378e-03
895 4.049935e-03
896 2.222792e-03
897 1.232394e-03
898 7.733460e-04
899 -3.946377e-05
900 0.000000e+00
901 0.000000e+00
902 0.000000e+00
903 0.000000e+00
904 0.000000e+00
905 0.000000e+00
906 0.000000e+00
907 0.000000e+00
908 1.010894e-03
909 8.020293e-04
910 6.294054e-04
911 4.790712e-04
912 3.454649e-04
913 2.282827e-04
914 1.278360e-04
915 4.620887e-05
916 -1.484788e-05
917 -5.335717e-05
918 -6.806472e-05
919 -5.951167e-05
920 0.000000e+00
921 0.000000e+00
922 0.000000e+00
923 0.000000e+00
924 0.000000e+00
925 0.000000e+00
926 0.000000e+00
927 0.000000e+00
928 0.000000e+00
929 0.000000e+00
930 6.455646e-04
931 4.791110e-04
932 3.322294e-04
933 2.072060e-04
934 1.048278e-04
935 2.645085e-05
936 -2.784772e-05
937 -5.824372e-05
938 -6.577513e-05
939 -5.277656e-05
940 0.000000e+00
941 0.000000e+00
942 0.000000e+00
943 0.000000e+00
944 0.000000e+00
945 0.000000e+00
946 0.000000e+00
947 0.000000e+00
948 0.000000e+00
949 0.000000e+00
950 6.065093e-04
951 4.345991e-04
952 2.876339e-04
953 1.676781e-04
954 7.440175e-05
955 7.413437e-06
956 -3.521012e-05
957 -5.561231e-05
958 -5.623079e-05
959 -3.907964e-05
960 0.000000e+00
961 0.000000e+00
962 0.000000e+00
963 0.000000e+00
964 0.000000e+00
965 0.000000e+00
966 0.000000e+00
967 0.000000e+00
968 1.209917e-03
969 9.311795e-04
970 6.877382e-04
971 4.789588e-04
972 3.056232e-04
973 1.689103e-04
974 6.682227e-05
975 -2.980504e-06
976 -4.446611e-05
977 -6.143925e-05
978 -5.574507e-05
979 -4.198001e-05
980 0.000000e+00
981 0.000000e+00
982 0.000000e+00
983 0.000000e+00
984 0.000000e+00
985 0.000000e+00
986 0.000000e+00
987 0.000000e+00
988 1.276950e-03
989 9.665543e-04
990 6.994669e-04
991 4.751825e-04
992 2.936635e-04
993 1.546460e-04
994 5.436478e-05
995 -1.131812e-05
996 -4.792866e-05
997 -5.912641e-05
998 -5.199460e-05
999 -4.629471e-05
1000 0.000000e+00
1001 0.000000e+00
1002 0.000000e+00
1003 0.000000e+00
1004 0.000000e+00
1005 0.000000e+00
1006 0.000000e+00
1007 0.000000e+00
1008 0.000000e+00
1009 0.000000e+00
1010 0.000000e+00
1011 0.000000e+00
1012 2.998477e-06
1013 2.491646e-06
1014 2.061102e-06
1015 1.681340e-06
1016 1.335781e-06
1017 1.010471e-06
1018 6.945988e-07
1019 3.875612e-07
1020 0.000000e+00
1021 0.000000e+00
1022 0.000000e+00
1023 0.000000e+00
1024 0.000000e+00
1025 0.000000e+00
1026 0.000000e+00
1027 0.000000e+00
1028 0.000000e+00
1029 0.000000e+00
1030 0.000000e+00
1031 0.000000e+00
1032 4.494631e-06
1033 3.777601e-06
1034 3.152075e-06
1035 2.583808e-06
1036 2.053910e-06
1037 1.547018e-06
1038 1.053838e-06
1039 5.778990e-07
1040 0.000000e+00
1041 0.000000e+00
1042 0.000000e+00
1043 0.000000e+00
1044 0.000000e+00
1045 0.000000e+00
1046 0.000000e+00
1047 0.000000e+00
1048 0.000000e+00
1049 0.000000e+00
1050 0.000000e+00
1051 0.000000e+00
1052 0.000000e+00
1053 0.000000e+00
1054 6.744199e-06
1055 5.517940e-06
1056 4.351080e-06
1057 3.230290e-06
1058 2.149736e-06
1059 1.135617e-06
1060 0.000000e+00
1061 0.000000e+00
1062 0.000000e+00
1063 0.000000e+00
1064 0.000000e+00
1065 0.000000e+00
1066 0.000000e+00
1067 0.000000e+00
1068 0.000000e+00
1069 0.000000e+00
1070 0.000000e+00
1071 0.000000e+00
1072 0.000000e+00
1073 0.000000e+00
1074 9.267001e-06
1075 7.503119e-06
1076 5.837160e-06
1077 4.264219e-06
1078 2.792280e-06
1079 1.463541e-06
1080 2.065506e-07
1081 1.926367e-07
1082 1.708132e-07
1083 1.435126e-07
1084 1.144222e-07
1085 8.742018e-08
1086 6.475458e-08
1087 4.632849e-08
1088 3.138639e-08
1089 2.062831e-08
1090 1.340333e-08
1091 8.533923e-09
1092 5.409112e-09
1093 3.436888e-09
1094 2.194155e-09
