0 1.702401e-05
1 1.438520e-05
2 1.197841e-05
3 9.843257e-06
4 8.002915e-06
5 6.461084e-06
6 5.202478e-06
7 4.195567e-06
8 3.399574e-06
9 2.770982e-06
10 2.269526e-06
11 1.861915e-06
12 1.523098e-06
13 1.235829e-06
14 9.892698e-07
15 7.771026e-07
16 5.958693e-07
17 4.434845e-07
18 3.183477e-07
19 2.187013e-07
20 1.974563e-05
21 1.657682e-05
22 1.372552e-05
23 1.123136e-05
24 9.110637e-06
25 7.355096e-06
26 5.934916e-06
27 4.804122e-06
28 3.909730e-06
29 3.199020e-06
30 2.626121e-06
31 2.154670e-06
32 1.758278e-06
33 1.419635e-06
34 1.128118e-06
35 8.777525e-07
36 6.652359e-07
37 4.883461e-07
38 3.450327e-07
39 2.328197e-07
40 2.629955e-05
41 2.194871e-05
42 1.808066e-05
43 1.473938e-05
44 1.193292e-05
45 9.634891e-06
46 7.790991e-06
47 6.328674e-06
48 5.170728e-06
49 4.245029e-06
50 3.491279e-06
51 2.863880e-06
52 2.331062e-06
53 1.872790e-06
54 1.477468e-06
55 1.138751e-06
56 8.530739e-07
57 6.176502e-07
58 4.293956e-07
59 2.841416e-07
60 2.744847e-05
61 2.287425e-05
62 1.882179e-05
63 1.533266e-05
64 1.241073e-05
65 1.002363e-05
66 8.110990e-06
67 6.594211e-06
68 5.391526e-06
69 4.427605e-06
70 3.640331e-06
71 2.983241e-06
72 2.424129e-06
73 1.943036e-06
74 1.528368e-06
75 1.173852e-06
76 8.758401e-07
77 6.313061e-07
78 4.365950e-07
79 2.867173e-07
80 2.477250e-05
81 2.062119e-05
82 1.695946e-05
83 1.381918e-05
84 1.119717e-05
85 9.058162e-06
86 7.343543e-06
87 5.980983e-06
88 4.896688e-06
89 4.023813e-06
90 3.307814e-06
91 2.708302e-06
92 2.197520e-06
93 1.757836e-06
94 1.379393e-06
95 1.056566e-06
96 7.859661e-07
97 5.646775e-07
98 3.892618e-07
99 2.556042e-07
100 3.599542e-05
101 2.974878e-05
102 2.433582e-05
103 1.977355e-05
104 1.602239e-05
105 1.299782e-05
106 1.058852e-05
107 8.672466e-06
108 7.135726e-06
109 5.881781e-06
110 4.836435e-06
111 3.947753e-06
112 3.182438e-06
113 2.521103e-06
114 1.953016e-06
115 1.472209e-06
116 1.074343e-06
117 7.546472e-07
118 5.068326e-07
119 3.233043e-07
120 3.834943e-05
121 3.164595e-05
122 2.586209e-05
123 2.100643e-05
124 1.702725e-05
125 1.382564e-05
126 1.127673e-05
127 9.247206e-06
128 7.614867e-06
129 6.277753e-06
130 5.158894e-06
131 4.204871e-06
132 3.381841e-06
133 2.670432e-06
134 2.060334e-06
135 1.545688e-06
136 1.121640e-06
137 7.828558e-07
138 5.218112e-07
139 3.295726e-07
140 6.076728e-05
141 4.985408e-05
142 4.064594e-05
143 3.306111e-05
144 2.692790e-05
145 2.202180e-05
146 1.810392e-05
147 1.494578e-05
148 1.235601e-05
149 1.018712e-05
150 8.335318e-06
151 6.734548e-06
152 5.346637e-06
153 4.151143e-06
154 3.136950e-06
155 2.295883e-06
156 1.618750e-06
157 1.093034e-06
158 7.029816e-07
159 4.298273e-07
160 6.775711e-05
161 5.552458e-05
162 4.526789e-05
163 3.686075e-05
164 3.008199e-05
165 2.466014e-05
166 2.031885e-05
167 1.680092e-05
168 1.389643e-05
169 1.144734e-05
170 9.345310e-06
171 7.523010e-06
172 5.942628e-06
173 4.584794e-06
174 3.438463e-06
175 2.494392e-06
176 1.740891e-06
177 1.161770e-06
178 7.380832e-07
179 4.444387e-07
180 7.795571e-05
181 6.385638e-05
182 5.211915e-05
183 4.254219e-05
184 3.483090e-05
185 2.864959e-05
186 2.367038e-05
187 1.960012e-05
188 1.620676e-05
189 1.332073e-05
190 1.082967e-05
191 8.666236e-06
192 6.793588e-06
193 5.193115e-06
194 3.852814e-06
195 2.760507e-06
196 1.899645e-06
197 1.248548e-06
198 7.814504e-07
199 4.587326e-07
200 3.249777e-06
201 3.302559e-06
202 3.309318e-06
203 3.261045e-06
204 3.151364e-06
205 2.979186e-06
206 2.750424e-06
207 2.477170e-06
208 2.176926e-06
209 1.869467e-06
210 1.573427e-06
211 1.303488e-06
212 1.068673e-06
213 8.723451e-07
214 7.132148e-07
215 5.868793e-07
216 4.874155e-07
217 4.086308e-07
218 3.450011e-07
219 2.920857e-07
220 4.107550e-06
221 4.147817e-06
222 4.123855e-06
223 4.025986e-06
224 3.849295e-06
225 3.596810e-06
226 3.280631e-06
227 2.919715e-06
228 2.537758e-06
229 2.158897e-06
230 1.804135e-06
231 1.488123e-06
232 1.218437e-06
233 9.963095e-07
234 8.179966e-07
235 6.769783e-07
236 5.656271e-07
237 4.765634e-07
238 4.035068e-07
239 3.416705e-07
240 5.902603e-06
241 5.926176e-06
242 5.850918e-06
243 5.665332e-06
244 5.366353e-06
245 4.963558e-06
246 4.479394e-06
247 3.944787e-06
248 3.395282e-06
249 2.864333e-06
250 2.378456e-06
251 1.954352e-06
252 1.598609e-06
253 1.309515e-06
254 1.079574e-06
255 8.983159e-07
256 7.546931e-07
257 6.386209e-07
258 5.419369e-07
259 4.586022e-07
260 6.335891e-06
261 6.337922e-06
262 6.234176e-06
263 6.014277e-06
264 5.676573e-06
265 5.232422e-06
266 4.706759e-06
267 4.132761e-06
268 3.548084e-06
269 2.987417e-06
270 2.477606e-06
271 2.034965e-06
272 1.665076e-06
273 1.365318e-06
274 1.127126e-06
275 9.392237e-07
276 7.899529e-07
277 6.687915e-07
278 5.672492e-07
279 4.793165e-07
280 5.830793e-06
281 5.826195e-06
282 5.719572e-06
283 5.502587e-06
284 5.176358e-06
285 4.754362e-06
286 4.262184e-06
287 3.731717e-06
288 3.197081e-06
289 2.688767e-06
290 2.229596e-06
291 1.832842e-06
292 1.502271e-06
293 1.234440e-06
294 1.021488e-06
295 8.529852e-07
296 7.184897e-07
297 6.087380e-07
298 5.163474e-07
299 4.362368e-07
300 9.437651e-06
301 9.338758e-06
302 9.062465e-06
303 8.604319e-06
304 7.978064e-06
305 7.217984e-06
306 6.374762e-06
307 5.503916e-06
308 4.658845e-06
309 3.881902e-06
310 3.200393e-06
311 2.626039e-06
312 2.157204e-06
313 1.782834e-06
314 1.486759e-06
315 1.251643e-06
316 1.061423e-06
317 9.028741e-07
318 7.661785e-07
319 6.451712e-07
320 1.035945e-05
321 1.021377e-05
322 9.873307e-06
323 9.336706e-06
324 8.622331e-06
325 7.769978e-06
326 6.836754e-06
327 5.883381e-06
328 4.966856e-06
329 4.130981e-06
330 3.402864e-06
331 2.792565e-06
332 2.296314e-06
333 1.900973e-06
334 1.588536e-06
335 1.339878e-06
336 1.137657e-06
337 9.680884e-07
338 8.208194e-07
339 6.898982e-07
340 1.882384e-05
341 1.826375e-05
342 1.733563e-05
343 1.607247e-05
344 1.454400e-05
345 1.285040e-05
346 1.110610e-05
347 9.414784e-06
348 7.860565e-06
349 6.497141e-06
350 5.347211e-06
351 4.407678e-06
352 3.656545e-06
353 3.061634e-06
354 2.587954e-06
355 2.203221e-06
356 1.880923e-06
357 1.601390e-06
358 1.352195e-06
359 1.125462e-06
360 2.189742e-05
361 2.112013e-05
362 1.991961e-05
363 1.834827e-05
364 1.649780e-05
365 1.449038e-05
366 1.245942e-05
367 1.051971e-05
368 8.760280e-06
369 7.233770e-06
370 5.957926e-06
371 4.922200e-06
372 4.097067e-06
373 3.443492e-06
374 2.920747e-06
375 2.492443e-06
376 2.129565e-06
377 1.811379e-06
378 1.525911e-06
379 1.263729e-06
380 2.658558e-05
381 2.541495e-05
382 2.375107e-05
383 2.168029e-05
384 1.933032e-05
385 1.685340e-05
386 1.440500e-05
387 1.211212e-05
388 1.006607e-05
389 8.314360e-06
390 6.865216e-06
391 5.696312e-06
392 4.766493e-06
393 4.027075e-06
394 3.429798e-06
395 2.933359e-06
396 2.506119e-06
397 2.126927e-06
398 1.783334e-06
399 1.464191e-06
400 0.000000e+00
401 0.000000e+00
402 0.000000e+00
403 0.000000e+00
404 0.000000e+00
405 0.000000e+00
406 0.000000e+00
407 0.000000e+00
408 0.000000e+00
409 0.000000e+00
410 0.000000e+00
411 0.000000e+00
412 0.000000e+00
413 0.000000e+00
414 9.283629e-05
415 8.014337e-05
416 6.862446e-05
417 5.785802e-05
418 4.772533e-05
419 3.829386e-05
420 0.000000e+00
421 0.000000e+00
422 0.000000e+00
423 0.000000e+00
424 0.000000e+00
425 0.000000e+00
426 0.000000e+00
427 0.000000e+00
428 0.000000e+00
429 0.000000e+00
430 0.000000e+00
431 0.000000e+00
432 0.000000e+00
433 0.000000e+00
434 1.278874e-04
435 1.103778e-04
436 9.439373e-05
437 7.941192e-05
438 6.531260e-05
439 5.221690e-05
440 0.000000e+00
441 0.000000e+00
442 0.000000e+00
443 0.000000e+00
444 0.000000e+00
445 0.000000e+00
446 0.000000e+00
447 0.000000e+00
448 0.000000e+00
449 0.000000e+00
450 0.000000e+00
451 0.000000e+00
452 0.000000e+00
453 0.000000e+00
454 1.915577e-04
455 1.653033e-04
456 1.412478e-04
457 1.186625e-04
458 9.740912e-05
459 7.769563e-05
460 0.000000e+00
461 0.000000e+00
462 0.000000e+00
463 0.000000e+00
464 0.000000e+00
465 0.000000e+00
466 0.000000e+00
467 0.000000e+00
468 0.000000e+00
469 0.000000e+00
470 0.000000e+00
471 0.000000e+00
472 0.000000e+00
473 0.000000e+00
474 2.035564e-04
475 1.756507e-04
476 1.500636e-04
477 1.260325e-04
478 1.034191e-04
479 8.245019e-05
480 0.000000e+00
481 0.000000e+00
482 0.000000e+00
483 0.000000e+00
484 0.000000e+00
485 0.000000e+00
486 0.000000e+00
487 0.000000e+00
488 0.000000e+00
489 0.000000e+00
490 0.000000e+00
491 0.000000e+00
492 3.159894e-05
493 2.752832e-05
494 2.379050e-05
495 2.024169e-05
496 1.684466e-05
497 1.363192e-05
498 1.067015e-05
499 8.024091e-06
500 0.000000e+00
501 0.000000e+00
502 0.000000e+00
503 0.000000e+00
504 0.000000e+00
505 0.000000e+00
506 0.000000e+00
507 0.000000e+00
508 0.000000e+00
509 0.000000e+00
510 0.000000e+00
511 0.000000e+00
512 8.422917e-05
513 7.330556e-05
514 6.320006e-05
515 5.358515e-05
516 4.440012e-05
517 3.575529e-05
518 2.783530e-05
519 2.079108e-05
520 0.000000e+00
521 0.000000e+00
522 0.000000e+00
523 0.000000e+00
524 0.000000e+00
525 0.000000e+00
526 0.000000e+00
527 0.000000e+00
528 0.000000e+00
529 0.000000e+00
530 0.000000e+00
531 0.000000e+00
532 1.866506e-04
533 1.623720e-04
534 1.398086e-04
535 1.183059e-04
536 9.778140e-05
537 7.851169e-05
538 6.091720e-05
539 4.530156e-05
540 0.000000e+00
541 0.000000e+00
542 0.000000e+00
543 0.000000e+00
544 0.000000e+00
545 0.000000e+00
546 0.000000e+00
547 0.000000e+00
548 0.000000e+00
549 0.000000e+00
550 0.000000e+00
551 0.000000e+00
552 2.134589e-04
553 1.856805e-04
554 1.598454e-04
555 1.352184e-04
556 1.117145e-04
557 8.965622e-05
558 6.952639e-05
559 5.166628e-05
560 0.000000e+00
561 0.000000e+00
562 0.000000e+00
563 0.000000e+00
564 0.000000e+00
565 0.000000e+00
566 0.000000e+00
567 0.000000e+00
568 0.000000e+00
569 0.000000e+00
570 0.000000e+00
571 -1.538203e-06
572 -1.277659e-06
573 -1.066729e-06
574 -8.940195e-07
575 -7.499064e-07
576 -6.271235e-07
577 -5.206415e-07
578 -4.275623e-07
579 -3.400933e-07
580 0.000000e+00
581 0.000000e+00
582 0.000000e+00
583 0.000000e+00
584 0.000000e+00
585 0.000000e+00
586 0.000000e+00
587 0.000000e+00
588 0.000000e+00
589 0.000000e+00
590 0.000000e+00
591 1.390102e-05
592 1.222114e-05
593 1.059179e-05
594 8.984366e-06
595 7.412753e-06
596 5.915907e-06
597 4.540605e-06
598 3.324527e-06
599 2.244437e-06
600 0.000000e+00
601 0.000000e+00
602 0.000000e+00
603 0.000000e+00
604 0.000000e+00
605 0.000000e+00
606 0.000000e+00
607 0.000000e+00
608 0.000000e+00
609 0.000000e+00
610 0.000000e+00
611 1.236451e-04
612 1.080007e-04
613 9.298642e-05
614 7.839681e-05
615 6.435826e-05
616 5.118756e-05
617 3.923612e-05
618 2.871087e-05
619 1.956371e-05
620 0.000000e+00
621 0.000000e+00
622 0.000000e+00
623 0.000000e+00
624 0.000000e+00
625 0.000000e+00
626 0.000000e+00
627 0.000000e+00
628 0.000000e+00
629 0.000000e+00
630 0.000000e+00
631 1.671920e-04
632 1.459854e-04
633 1.256254e-04
634 1.058509e-04
635 8.684321e-05
636 6.902639e-05
637 5.287781e-05
638 3.865746e-05
639 2.635419e-05
640 0.000000e+00
641 0.000000e+00
642 0.000000e+00
643 0.000000e+00
644 0.000000e+00
645 0.000000e+00
646 0.000000e+00
647 0.000000e+00
648 0.000000e+00
649 0.000000e+00
650 9.132886e-06
651 7.830100e-06
652 6.666091e-06
653 5.610776e-06
654 4.649309e-06
655 3.778936e-06
656 3.002642e-06
657 2.321368e-06
658 1.717927e-06
659 1.343061e-06
660 0.000000e+00
661 0.000000e+00
662 0.000000e+00
663 0.000000e+00
664 0.000000e+00
665 0.000000e+00
666 0.000000e+00
667 0.000000e+00
668 0.000000e+00
669 0.000000e+00
670 1.030466e-05
671 8.829454e-06
672 7.524471e-06
673 6.348160e-06
674 5.278484e-06
675 4.308632e-06
676 3.440051e-06
677 2.673058e-06
678 1.992349e-06
679 1.559474e-06
680 0.000000e+00
681 0.000000e+00
682 0.000000e+00
683 0.000000e+00
684 0.000000e+00
685 0.000000e+00
686 0.000000e+00
687 0.000000e+00
688 0.000000e+00
689 0.000000e+00
690 7.305065e-05
691 6.386750e-05
692 5.519770e-05
693 4.685855e-05
694 3.885825e-05
695 3.132849e-05
696 2.444451e-05
697 1.834816e-05
698 1.292664e-05
699 9.410102e-06
700 0.000000e+00
701 0.000000e+00
702 0.000000e+00
703 0.000000e+00
704 0.000000e+00
705 0.000000e+00
706 0.000000e+00
707 0.000000e+00
708 0.000000e+00
709 0.000000e+00
710 1.459942e-04
711 1.278600e-04
712 1.105140e-04
713 9.367661e-05
714 7.744996e-05
715 6.216383e-05
716 4.821118e-05
717 3.588572e-05
718 2.495569e-05
719 1.831274e-05
720 0.000000e+00
721 0.000000e+00
722 0.000000e+00
723 0.000000e+00
724 0.000000e+00
725 0.000000e+00
726 0.000000e+00
727 0.000000e+00
728 0.000000e+00
729 1.481843e-05
730 1.265886e-05
731 1.076481e-05
732 9.084301e-06
733 7.581592e-06
734 6.237165e-06
735 5.042827e-06
736 3.995137e-06
737 3.070756e-06
738 2.341373e-06
739 1.862844e-06
740 0.000000e+00
741 0.000000e+00
742 0.000000e+00
743 0.000000e+00
744 0.000000e+00
745 0.000000e+00
746 0.000000e+00
747 0.000000e+00
748 0.000000e+00
749 1.951284e-05
750 1.670388e-05
751 1.425655e-05
752 1.208470e-05
753 1.013185e-05
754 8.368860e-06
755 6.786494e-06
756 5.384298e-06
757 4.138061e-06
758 3.142651e-06
759 2.475049e-06
760 0.000000e+00
761 0.000000e+00
762 0.000000e+00
763 0.000000e+00
764 0.000000e+00
765 0.000000e+00
766 0.000000e+00
767 0.000000e+00
768 0.000000e+00
769 3.386811e-05
770 2.916442e-05
771 2.505886e-05
772 2.137678e-05
773 1.801385e-05
774 1.492610e-05
775 1.211108e-05
776 9.585353e-06
777 7.334168e-06
778 5.466664e-06
779 4.245253e-06
780 0.000000e+00
781 0.000000e+00
782 0.000000e+00
783 0.000000e+00
784 0.000000e+00
785 0.000000e+00
786 0.000000e+00
787 0.000000e+00
788 0.000000e+00
789 1.005725e-04
790 8.809977e-05
791 7.646828e-05
792 6.536836e-05
793 5.474010e-05
794 4.469752e-05
795 3.543921e-05
796 2.716157e-05
797 1.982635e-05
798 1.409548e-05
799 1.090517e-05
800 0.000000e+00
801 0.000000e+00
802 0.000000e+00
803 0.000000e+00
804 0.000000e+00
805 0.000000e+00
806 0.000000e+00
807 0.000000e+00
808 0.000000e+00
809 0.000000e+00
810 0.000000e+00
811 0.000000e+00
812 5.694051e-02
813 4.527207e-02
814 3.499099e-02
815 2.615714e-02
816 1.880779e-02
817 1.292383e-02
818 8.418804e-03
819 5.146779e-03
820 0.000000e+00
821 0.000000e+00
822 0.000000e+00
823 0.000000e+00
824 0.000000e+00
825 0.000000e+00
826 0.000000e+00
827 0.000000e+00
828 0.000000e+00
829 0.000000e+00
830 4.504842e-02
831 3.599036e-02
832 2.795772e-02
833 2.101016e-02
834 1.519084e-02
835 1.050064e-02
836 6.888329e-03
837 4.251108e-03
838 2.448819e-03
839 1.333770e-03
840 0.000000e+00
841 0.000000e+00
842 0.000000e+00
843 0.000000e+00
844 0.000000e+00
845 0.000000e+00
846 0.000000e+00
847 0.000000e+00
848 0.000000e+00
849 3.995464e-02
850 3.171918e-02
851 2.444947e-02
852 1.820937e-02
853 1.303575e-02
854 8.918024e-03
855 5.792721e-03
856 3.548757e-03
857 2.044268e-03
858 1.142674e-03
859 7.651860e-04
860 0.000000e+00
861 0.000000e+00
862 0.000000e+00
863 0.000000e+00
864 0.000000e+00
865 0.000000e+00
866 0.000000e+00
867 0.000000e+00
868 5.107177e-02
869 4.069209e-02
870 3.148618e-02
871 2.354383e-02
872 1.692227e-02
873 1.162155e-02
874 7.574074e-03
875 4.649376e-03
876 2.673714e-03
877 1.463072e-03
878 9.458548e-04
879 3.158712e-04
880 0.000000e+00
881 0.000000e+00
882 0.000000e+00
883 0.000000e+00
884 0.000000e+00
885 0.000000e+00
886 0.000000e+00
887 6.737016e-02
888 5.414480e-02
889 4.232085e-02
890 3.202009e-02
891 2.333503e-02
892 1.629100e-02
893 1.083103e-02
894 6.814431e-03
895 4.037534e-03
896 2.265697e-03
897 1.355285e-03
898 8.057599e-04
899 -8.713781e-05
900 0.000000e+00
901 0.000000e+00
902 0.000000e+00
903 0.000000e+00
904 0.000000e+00
905 0.000000e+00
906 0.000000e+00
907 0.000000e+00
908 1.001206e-03
909 7.956376e-04
910 6.249453e-04
911 4.759777e-04
912 3.434850e-04
913 2.272192e-04
914 1.275131e-04
915 4.642431e-05
916 -1.430575e-05
917 -5.270789e-05
918 -6.752386e-05
919 -5.924179e-05
920 0.000000e+00
921 0.000000e+00
922 0.000000e+00
923 0.000000e+00
924 0.000000e+00
925 0.000000e+00
926 0.000000e+00
927 0.000000e+00
928 0.000000e+00
929 0.000000e+00
930 6.382871e-04
931 4.738181e-04
932 3.286446e-04
933 2.050093e-04
934 1.037157e-04
935 2.610251e-05
936 -2.772403e-05
937 -5.788992e-05
938 -6.532496e-05
939 -5.203300e-05
940 0.000000e+00
941 0.000000e+00
942 0.000000e+00
943 0.000000e+00
944 0.000000e+00
945 0.000000e+00
946 0.000000e+00
947 0.000000e+00
948 0.000000e+00
949 0.000000e+00
950 5.986898e-04
951 4.293443e-04
952 2.845049e-04
953 1.661672e-04
954 7.403787e-05
955 7.736723e-06
956 -3.455939e-05
957 -5.482506e-05
958 -5.500482e-05
959 -3.740091e-05
960 0.000000e+00
961 0.000000e+00
962 0.000000e+00
963 0.000000e+00
964 0.000000e+00
965 0.000000e+00
966 0.000000e+00
967 0.000000e+00
968 1.192649e-03
969 9.188475e-04
970 6.794979e-04
971 4.740753e-04
972 3.033655e-04
973 1.684799e-04
974 6.751013e-05
975 -1.789424e-06
976 -4.314513e-05
977 -5.983793e-05
978 -5.308978e-05
979 -4.303949e-05
980 0.000000e+00
981 0.000000e+00
982 0.000000e+00
983 0.000000e+00
984 0.000000e+00
985 0.000000e+00
986 0.000000e+00
987 0.000000e+00
988 1.258463e-03
989 9.539876e-04
990 6.917416e-04
991 4.712785e-04
992 2.925678e-04
993 1.553218e-04
994 5.594520e-05
995 -9.488764e-06
996 -4.605508e-05
997 -5.606734e-05
998 -5.136608e-05
999 -4.792721e-05
1000 0.000000e+00
1001 0.000000e+00
1002 0.000000e+00
1003 0.000000e+00
1004 0.000000e+00
1005 0.000000e+00
1006 0.000000e+00
1007 0.000000e+00
1008 0.000000e+00
1009 0.000000e+00
1010 0.000000e+00
1011 0.000000e+00
1012 3.036852e-06
1013 2.529415e-06
1014 2.097255e-06
1015 1.714586e-06
1016 1.365415e-06
1017 1.035660e-06
1018 7.142153e-07
1019 3.999141e-07
1020 0.000000e+00
1021 0.000000e+00
1022 0.000000e+00
1023 0.000000e+00
1024 0.000000e+00
1025 0.000000e+00
1026 0.000000e+00
1027 0.000000e+00
1028 0.000000e+00
1029 0.000000e+00
1030 0.000000e+00
1031 0.000000e+00
1032 4.562207e-06
1033 3.843018e-06
1034 3.213626e-06
1035 2.639567e-06
1036 2.102685e-06
1037 1.587402e-06
1038 1.084200e-06
1039 5.949030e-07
1040 0.000000e+00
1041 0.000000e+00
1042 0.000000e+00
1043 0.000000e+00
1044 0.000000e+00
1045 0.000000e+00
1046 0.000000e+00
1047 0.000000e+00
1048 0.000000e+00
1049 0.000000e+00
1050 0.000000e+00
1051 0.000000e+00
1052 0.000000e+00
1053 0.000000e+00
1054 6.875895e-06
1055 5.636514e-06
1056 4.452839e-06
1057 3.311373e-06
1058 2.204102e-06
1059 1.165779e-06
1060 0.000000e+00
1061 0.000000e+00
1062 0.000000e+00
1063 0.000000e+00
1064 0.000000e+00
1065 0.000000e+00
1066 0.000000e+00
1067 0.000000e+00
1068 0.000000e+00
1069 0.000000e+00
1070 0.000000e+00
1071 0.000000e+00
1072 0.000000e+00
1073 0.000000e+00
1074 9.426913e-06
1075 7.647589e-06
1076 5.960777e-06
1077 4.361611e-06
1078 2.860873e-06
1079 1.507822e-06
1080 1.909622e-07
1081 2.144828e-07
1082 2.025251e-07
1083 1.699905e-07
1084 1.318208e-07
1085 9.834454e-08
1086 7.264860e-08
1087 5.346351e-08
1088 3.926379e-08
1089 2.894512e-08
1090 2.121594e-08
1091 1.573068e-08
1092 1.211733e-08
1093 6.358277e-09
