0 1.531518e-05
1 1.293325e-05
2 1.076181e-05
3 8.836147e-06
4 7.177678e-06
5 5.788599e-06
6 4.655571e-06
7 3.750384e-06
8 3.036002e-06
9 2.473117e-06
10 2.025243e-06
11 1.662030e-06
12 1.360485e-06
13 1.104737e-06
14 8.848492e-07
15 6.952010e-07
16 5.328509e-07
17 3.962702e-07
18 2.843620e-07
19 1.956682e-07
20 1.894828e-05
21 1.589582e-05
22 1.315080e-05
23 1.075069e-05
24 8.711995e-06
25 7.025227e-06
26 5.662263e-06
27 4.578724e-06
28 3.723304e-06
29 3.045271e-06
30 2.500025e-06
31 2.052034e-06
32 1.675495e-06
33 1.353380e-06
34 1.075446e-06
35 8.362134e-07
36 6.328086e-07
37 4.636706e-07
38 3.271175e-07
39 2.209329e-07
40 2.508310e-05
41 2.091544e-05
42 1.721324e-05
43 1.401742e-05
44 1.133681e-05
45 9.143179e-06
46 7.385435e-06
47 5.993873e-06
48 4.894289e-06
49 4.017222e-06
50 3.304433e-06
51 2.711611e-06
52 2.207875e-06
53 1.773797e-06
54 1.398354e-06
55 1.076048e-06
56 8.039352e-07
57 5.801448e-07
58 4.022087e-07
59 2.662059e-07
60 2.569253e-05
61 2.139171e-05
62 1.758532e-05
63 1.431070e-05
64 1.157206e-05
65 9.336076e-06
66 7.546535e-06
67 6.129893e-06
68 5.009059e-06
69 4.112632e-06
70 3.381763e-06
71 2.772003e-06
72 2.252833e-06
73 1.805245e-06
74 1.418546e-06
75 1.087416e-06
76 8.088830e-07
77 5.808955e-07
78 4.004763e-07
79 2.630261e-07
80 2.533953e-05
81 2.107515e-05
82 1.731622e-05
83 1.409461e-05
84 1.140806e-05
85 9.218007e-06
86 7.465055e-06
87 6.074714e-06
88 4.970852e-06
89 4.084458e-06
90 3.358739e-06
91 2.751326e-06
92 2.233141e-06
93 1.786134e-06
94 1.400276e-06
95 1.070540e-06
96 7.939458e-07
97 5.683781e-07
98 3.907853e-07
99 2.567858e-07
100 3.657846e-05
101 3.019996e-05
102 2.467789e-05
103 2.002780e-05
104 1.621095e-05
105 1.313657e-05
106 1.069202e-05
107 8.752371e-06
108 7.200165e-06
109 5.936138e-06
110 4.883171e-06
111 3.987412e-06
112 3.214239e-06
113 2.544003e-06
114 1.966620e-06
115 1.477400e-06
116 1.073008e-06
117 7.497054e-07
118 5.014852e-07
119 3.199853e-07
120 3.824785e-05
121 3.152911e-05
122 2.573826e-05
123 2.088151e-05
124 1.690837e-05
125 1.371505e-05
126 1.117738e-05
127 9.161318e-06
128 7.543279e-06
129 6.220005e-06
130 5.113149e-06
131 4.168322e-06
132 3.351343e-06
133 2.643219e-06
134 2.034403e-06
135 1.520374e-06
136 1.097528e-06
137 7.615457e-07
138 5.053829e-07
139 3.192546e-07
140 6.130749e-05
141 5.023640e-05
142 4.090743e-05
143 3.323338e-05
144 2.704272e-05
145 2.209765e-05
146 1.815745e-05
147 1.498933e-05
148 1.239600e-05
149 1.022516e-05
150 8.369952e-06
151 6.762010e-06
152 5.363018e-06
153 4.153682e-06
154 3.125893e-06
155 2.274467e-06
156 1.591922e-06
157 1.066944e-06
158 6.831524e-07
159 4.183093e-07
160 6.709989e-05
161 5.491786e-05
162 4.471900e-05
163 3.637103e-05
164 2.965652e-05
165 2.429458e-05
166 2.001089e-05
167 1.654729e-05
168 1.369206e-05
169 1.128460e-05
170 9.214969e-06
171 7.415469e-06
172 5.849485e-06
173 4.499542e-06
174 3.358381e-06
175 2.420168e-06
176 1.675258e-06
177 1.109157e-06
178 7.013951e-07
179 4.232671e-07
180 7.578783e-05
181 6.200315e-05
182 5.054771e-05
183 4.121613e-05
184 3.372209e-05
185 2.772357e-05
186 2.290149e-05
187 1.896796e-05
188 1.569125e-05
189 1.290238e-05
190 1.048984e-05
191 8.387528e-06
192 6.561662e-06
193 4.996725e-06
194 3.685761e-06
195 2.620659e-06
196 1.787274e-06
197 1.165110e-06
198 7.258661e-07
199 4.277467e-07
200 2.939718e-06
201 2.986021e-06
202 2.990662e-06
203 2.945421e-06
204 2.845394e-06
205 2.688649e-06
206 2.481074e-06
207 2.233651e-06
208 1.961936e-06
209 1.683794e-06
210 1.416015e-06
211 1.171763e-06
212 9.592880e-07
213 7.816771e-07
214 6.379244e-07
215 5.241336e-07
216 4.348999e-07
217 3.645724e-07
218 3.080038e-07
219 2.609220e-07
220 3.966544e-06
221 4.003332e-06
222 3.978028e-06
223 3.881254e-06
224 3.709509e-06
225 3.464364e-06
226 3.158130e-06
227 2.809058e-06
228 2.439937e-06
229 2.074099e-06
230 1.731459e-06
231 1.426254e-06
232 1.165862e-06
233 9.515999e-07
234 7.800039e-07
235 6.448379e-07
236 5.385848e-07
237 4.539923e-07
238 3.847407e-07
239 3.259857e-07
240 5.676119e-06
241 5.694509e-06
242 5.617654e-06
243 5.434829e-06
244 5.144912e-06
245 4.754961e-06
246 4.287845e-06
247 3.773169e-06
248 3.244798e-06
249 2.734654e-06
250 2.267938e-06
251 1.860749e-06
252 1.519476e-06
253 1.242611e-06
254 1.023024e-06
255 8.507460e-07
256 7.148247e-07
257 6.054102e-07
258 5.143541e-07
259 4.354739e-07
260 5.985330e-06
261 5.981935e-06
262 5.878494e-06
263 5.665341e-06
264 5.343043e-06
265 4.920417e-06
266 4.422136e-06
267 3.879698e-06
268 3.327988e-06
269 2.799228e-06
270 2.318627e-06
271 1.901491e-06
272 1.553343e-06
273 1.271704e-06
274 1.048576e-06
275 8.733669e-07
276 7.347003e-07
277 6.225401e-07
278 5.285840e-07
279 4.467801e-07
280 6.003716e-06
281 5.996238e-06
282 5.883563e-06
283 5.657108e-06
284 5.319677e-06
285 4.883236e-06
286 4.375019e-06
287 3.827877e-06
288 3.276811e-06
289 2.753083e-06
290 2.279897e-06
291 1.871086e-06
292 1.530803e-06
293 1.255819e-06
294 1.037883e-06
295 8.663716e-07
296 7.300437e-07
297 6.192225e-07
298 5.258943e-07
299 4.444242e-07
300 9.668963e-06
301 9.561884e-06
302 9.272938e-06
303 8.797605e-06
304 8.152931e-06
305 7.370535e-06
306 6.504018e-06
307 5.610313e-06
308 4.743676e-06
309 3.947436e-06
310 3.249165e-06
311 2.661316e-06
312 2.182313e-06
313 1.801081e-06
314 1.501038e-06
315 1.264228e-06
316 1.073362e-06
317 9.144337e-07
318 7.769195e-07
319 6.539285e-07
320 1.042398e-05
321 1.027017e-05
322 9.920348e-06
323 9.373123e-06
324 8.650349e-06
325 7.788573e-06
326 6.846738e-06
327 5.886119e-06
328 4.963364e-06
329 4.122391e-06
330 3.390226e-06
331 2.777358e-06
332 2.280110e-06
333 1.885399e-06
334 1.574851e-06
335 1.329043e-06
336 1.129854e-06
337 9.628342e-07
338 8.172573e-07
339 6.863791e-07
340 1.917615e-05
341 1.859341e-05
342 1.763541e-05
343 1.633595e-05
344 1.477223e-05
345 1.303889e-05
346 1.125622e-05
347 9.529923e-06
348 7.944617e-06
349 6.554930e-06
350 5.384487e-06
351 4.430175e-06
352 3.670172e-06
353 3.071367e-06
354 2.597765e-06
355 2.215215e-06
356 1.894835e-06
357 1.615828e-06
358 1.364860e-06
359 1.133519e-06
360 2.191493e-05
361 2.112105e-05
362 1.990337e-05
363 1.831429e-05
364 1.645393e-05
365 1.443602e-05
366 1.239705e-05
367 1.045228e-05
368 8.690021e-06
369 7.162592e-06
370 5.887828e-06
371 4.855862e-06
372 4.037372e-06
373 3.392544e-06
374 2.880131e-06
375 2.462320e-06
376 2.108020e-06
377 1.795845e-06
378 1.512548e-06
379 1.249309e-06
380 2.614671e-05
381 2.497214e-05
382 2.331363e-05
383 2.125584e-05
384 1.893334e-05
385 1.648627e-05
386 1.407112e-05
387 1.181360e-05
388 9.800677e-06
389 8.079768e-06
390 6.659062e-06
391 5.517055e-06
392 4.613356e-06
393 3.898744e-06
394 3.325038e-06
395 2.849749e-06
396 2.439511e-06
397 2.072588e-06
398 1.735994e-06
399 1.420571e-06
400 0.000000e+00
401 0.000000e+00
402 0.000000e+00
403 0.000000e+00
404 0.000000e+00
405 0.000000e+00
406 0.000000e+00
407 0.000000e+00
408 0.000000e+00
409 0.000000e+00
410 0.000000e+00
411 0.000000e+00
412 0.000000e+00
413 0.000000e+00
414 8.874546e-05
415 7.681321e-05
416 6.593392e-05
417 5.564865e-05
418 4.583676e-05
419 3.660962e-05
420 0.000000e+00
421 0.000000e+00
422 0.000000e+00
423 0.000000e+00
424 0.000000e+00
425 0.000000e+00
426 0.000000e+00
427 0.000000e+00
428 0.000000e+00
429 0.000000e+00
430 0.000000e+00
431 0.000000e+00
432 0.000000e+00
433 0.000000e+00
434 1.300008e-04
435 1.125057e-04
436 9.644465e-05
437 8.120918e-05
438 6.667377e-05
439 5.303612e-05
440 0.000000e+00
441 0.000000e+00
442 0.000000e+00
443 0.000000e+00
444 0.000000e+00
445 0.000000e+00
446 0.000000e+00
447 0.000000e+00
448 0.000000e+00
449 0.000000e+00
450 0.000000e+00
451 0.000000e+00
452 0.000000e+00
453 0.000000e+00
454 1.929302e-04
455 1.669461e-04
456 1.429891e-04
457 1.202165e-04
458 9.849049e-05
459 7.813752e-05
460 0.000000e+00
461 0.000000e+00
462 0.000000e+00
463 0.000000e+00
464 0.000000e+00
465 0.000000e+00
466 0.000000e+00
467 0.000000e+00
468 0.000000e+00
469 0.000000e+00
470 0.000000e+00
471 0.000000e+00
472 0.000000e+00
473 0.000000e+00
474 2.010192e-04
475 1.739405e-04
476 1.489529e-04
477 1.251912e-04
478 1.025219e-04
479 8.129194e-05
480 0.000000e+00
481 0.000000e+00
482 0.000000e+00
483 0.000000e+00
484 0.000000e+00
485 0.000000e+00
486 0.000000e+00
487 0.000000e+00
488 0.000000e+00
489 0.000000e+00
490 0.000000e+00
491 0.000000e+00
492 3.083940e-05
493 2.695803e-05
494 2.337700e-05
495 1.993356e-05
496 1.658960e-05
497 1.338020e-05
498 1.038964e-05
499 7.712425e-06
500 0.000000e+00
501 0.000000e+00
502 0.000000e+00
503 0.000000e+00
504 0.000000e+00
505 0.000000e+00
506 0.000000e+00
507 0.000000e+00
508 0.000000e+00
509 0.000000e+00
510 0.000000e+00
511 0.000000e+00
512 8.625941e-05
513 7.533885e-05
514 6.517089e-05
515 5.536450e-05
516 4.585895e-05
517 3.678327e-05
518 2.838593e-05
519 2.092221e-05
520 0.000000e+00
521 0.000000e+00
522 0.000000e+00
523 0.000000e+00
524 0.000000e+00
525 0.000000e+00
526 0.000000e+00
527 0.000000e+00
528 0.000000e+00
529 0.000000e+00
530 0.000000e+00
531 0.000000e+00
532 1.889501e-04
533 1.649662e-04
534 1.425108e-04
535 1.208077e-04
536 9.978618e-05
537 7.976953e-05
538 6.132141e-05
539 4.498985e-05
540 0.000000e+00
541 0.000000e+00
542 0.000000e+00
543 0.000000e+00
544 0.000000e+00
545 0.000000e+00
546 0.000000e+00
547 0.000000e+00
548 0.000000e+00
549 0.000000e+00
550 0.000000e+00
551 0.000000e+00
552 2.118658e-04
553 1.849623e-04
554 1.597507e-04
555 1.353751e-04
556 1.117677e-04
557 8.929839e-05
558 6.860286e-05
559 5.029347e-05
560 0.000000e+00
561 0.000000e+00
562 0.000000e+00
563 0.000000e+00
564 0.000000e+00
565 0.000000e+00
566 0.000000e+00
567 0.000000e+00
568 0.000000e+00
569 0.000000e+00
570 0.000000e+00
571 -9.474359e-07
572 -7.653906e-07
573 -6.270507e-07
574 -5.227833e-07
575 -4.432356e-07
576 -3.803469e-07
577 -3.278640e-07
578 -2.816322e-07
579 -2.366393e-07
580 0.000000e+00
581 0.000000e+00
582 0.000000e+00
583 0.000000e+00
584 0.000000e+00
585 0.000000e+00
586 0.000000e+00
587 0.000000e+00
588 0.000000e+00
589 0.000000e+00
590 0.000000e+00
591 1.500178e-05
592 1.323895e-05
593 1.151516e-05
594 9.787174e-06
595 8.068627e-06
596 6.410024e-06
597 4.871480e-06
598 3.509977e-06
599 2.352060e-06
600 0.000000e+00
601 0.000000e+00
602 0.000000e+00
603 0.000000e+00
604 0.000000e+00
605 0.000000e+00
606 0.000000e+00
607 0.000000e+00
608 0.000000e+00
609 0.000000e+00
610 0.000000e+00
611 1.260712e-04
612 1.105656e-04
613 9.552496e-05
614 8.066828e-05
615 6.612301e-05
616 5.230147e-05
617 3.965367e-05
618 2.856668e-05
619 1.928602e-05
620 0.000000e+00
621 0.000000e+00
622 0.000000e+00
623 0.000000e+00
624 0.000000e+00
625 0.000000e+00
626 0.000000e+00
627 0.000000e+00
628 0.000000e+00
629 0.000000e+00
630 0.000000e+00
631 1.670095e-04
632 1.464118e-04
633 1.264277e-04
634 1.066921e-04
635 8.739695e-05
636 6.907521e-05
637 5.232991e-05
638 3.766690e-05
639 2.543151e-05
640 0.000000e+00
641 0.000000e+00
642 0.000000e+00
643 0.000000e+00
644 0.000000e+00
645 0.000000e+00
646 0.000000e+00
647 0.000000e+00
648 0.000000e+00
649 0.000000e+00
650 8.784504e-06
651 7.558621e-06
652 6.453929e-06
653 5.439919e-06
654 4.502534e-06
655 3.642877e-06
656 2.869713e-06
657 2.191458e-06
658 1.610428e-06
659 1.239307e-06
660 0.000000e+00
661 0.000000e+00
662 0.000000e+00
663 0.000000e+00
664 0.000000e+00
665 0.000000e+00
666 0.000000e+00
667 0.000000e+00
668 0.000000e+00
669 0.000000e+00
670 1.077689e-05
671 9.270766e-06
672 7.925689e-06
673 6.696795e-06
674 5.561820e-06
675 4.518389e-06
676 3.575766e-06
677 2.743671e-06
678 2.026736e-06
679 1.561157e-06
680 0.000000e+00
681 0.000000e+00
682 0.000000e+00
683 0.000000e+00
684 0.000000e+00
685 0.000000e+00
686 0.000000e+00
687 0.000000e+00
688 0.000000e+00
689 0.000000e+00
690 7.480373e-05
691 6.566818e-05
692 5.695914e-05
693 4.845830e-05
694 4.016083e-05
695 3.223353e-05
696 2.491962e-05
697 1.843066e-05
698 1.286820e-05
699 9.156354e-06
700 0.000000e+00
701 0.000000e+00
702 0.000000e+00
703 0.000000e+00
704 0.000000e+00
705 0.000000e+00
706 0.000000e+00
707 0.000000e+00
708 0.000000e+00
709 0.000000e+00
710 1.459401e-04
711 1.283506e-04
712 1.113394e-04
713 9.457135e-05
714 7.812814e-05
715 6.240407e-05
716 4.792377e-05
717 3.512913e-05
718 2.422573e-05
719 1.737320e-05
720 0.000000e+00
721 0.000000e+00
722 0.000000e+00
723 0.000000e+00
724 0.000000e+00
725 0.000000e+00
726 0.000000e+00
727 0.000000e+00
728 0.000000e+00
729 1.401672e-05
730 1.201074e-05
731 1.024310e-05
732 8.659588e-06
733 7.227292e-06
734 5.929958e-06
735 4.765906e-06
736 3.740216e-06
737 2.851168e-06
738 2.147285e-06
739 1.701256e-06
740 0.000000e+00
741 0.000000e+00
742 0.000000e+00
743 0.000000e+00
744 0.000000e+00
745 0.000000e+00
746 0.000000e+00
747 0.000000e+00
748 0.000000e+00
749 1.969075e-05
750 1.690711e-05
751 1.447210e-05
752 1.229076e-05
753 1.030653e-05
754 8.493061e-06
755 6.848401e-06
756 5.383868e-06
757 4.102742e-06
758 3.075931e-06
759 2.410422e-06
760 0.000000e+00
761 0.000000e+00
762 0.000000e+00
763 0.000000e+00
764 0.000000e+00
765 0.000000e+00
766 0.000000e+00
767 0.000000e+00
768 0.000000e+00
769 3.458442e-05
770 2.988873e-05
771 2.576929e-05
772 2.203397e-05
773 1.857620e-05
774 1.535545e-05
775 1.238460e-05
776 9.704127e-06
777 7.341478e-06
778 5.397402e-06
779 4.163619e-06
780 0.000000e+00
781 0.000000e+00
782 0.000000e+00
783 0.000000e+00
784 0.000000e+00
785 0.000000e+00
786 0.000000e+00
787 0.000000e+00
788 0.000000e+00
789 1.004254e-04
790 8.834111e-05
791 7.698359e-05
792 6.598349e-05
793 5.528092e-05
794 4.500215e-05
795 3.541341e-05
796 2.680030e-05
797 1.932205e-05
798 1.349629e-05
799 1.038702e-05
800 0.000000e+00
801 0.000000e+00
802 0.000000e+00
803 0.000000e+00
804 0.000000e+00
805 0.000000e+00
806 0.000000e+00
807 0.000000e+00
808 0.000000e+00
809 0.000000e+00
810 0.000000e+00
811 0.000000e+00
812 5.817132e-02
813 4.623732e-02
814 3.564729e-02
815 2.649441e-02
816 1.885747e-02
817 1.275544e-02
818 8.127137e-03
819 4.833941e-03
820 0.000000e+00
821 0.000000e+00
822 0.000000e+00
823 0.000000e+00
824 0.000000e+00
825 0.000000e+00
826 0.000000e+00
827 0.000000e+00
828 0.000000e+00
829 0.000000e+00
830 4.590918e-02
831 3.668144e-02
832 2.843859e-02
833 2.126382e-02
834 1.523167e-02
835 1.037328e-02
836 6.658627e-03
837 3.993685e-03
838 2.232332e-03
839 1.202738e-03
840 0.000000e+00
841 0.000000e+00
842 0.000000e+00
843 0.000000e+00
844 0.000000e+00
845 0.000000e+00
846 0.000000e+00
847 0.000000e+00
848 0.000000e+00
849 4.061660e-02
850 3.223148e-02
851 2.477582e-02
852 1.833842e-02
853 1.298637e-02
854 8.736246e-03
855 5.541710e-03
856 3.296233e-03
857 1.848033e-03
858 1.032142e-03
859 6.603980e-04
860 0.000000e+00
861 0.000000e+00
862 0.000000e+00
863 0.000000e+00
864 0.000000e+00
865 0.000000e+00
866 0.000000e+00
867 0.000000e+00
868 5.181594e-02
869 4.128113e-02
870 3.186894e-02
871 2.369819e-02
872 1.686312e-02
873 1.139884e-02
874 7.261358e-03
875 4.328579e-03
876 2.416948e-03
877 1.315282e-03
878 8.189447e-04
879 2.853567e-04
880 0.000000e+00
881 0.000000e+00
882 0.000000e+00
883 0.000000e+00
884 0.000000e+00
885 0.000000e+00
886 0.000000e+00
887 6.820981e-02
888 5.483793e-02
889 4.279371e-02
890 3.223065e-02
891 2.328553e-02
892 1.602913e-02
893 1.043853e-02
894 6.389389e-03
895 3.673199e-03
896 2.029589e-03
897 1.213527e-03
898 6.887064e-04
899 -5.117360e-05
900 0.000000e+00
901 0.000000e+00
902 0.000000e+00
903 0.000000e+00
904 0.000000e+00
905 0.000000e+00
906 0.000000e+00
907 0.000000e+00
908 9.757719e-04
909 7.767742e-04
910 6.119236e-04
911 4.678816e-04
912 3.391892e-04
913 2.255072e-04
914 1.272956e-04
915 4.687620e-05
916 -1.366636e-05
917 -5.206748e-05
918 -6.688614e-05
919 -5.856870e-05
920 0.000000e+00
921 0.000000e+00
922 0.000000e+00
923 0.000000e+00
924 0.000000e+00
925 0.000000e+00
926 0.000000e+00
927 0.000000e+00
928 0.000000e+00
929 0.000000e+00
930 6.309431e-04
931 4.698751e-04
932 3.266455e-04
933 2.038327e-04
934 1.027434e-04
935 2.519848e-05
936 -2.834807e-05
937 -5.789658e-05
938 -6.450337e-05
939 -5.064347e-05
940 0.000000e+00
941 0.000000e+00
942 0.000000e+00
943 0.000000e+00
944 0.000000e+00
945 0.000000e+00
946 0.000000e+00
947 0.000000e+00
948 0.000000e+00
949 0.000000e+00
950 5.933458e-04
951 4.254656e-04
952 2.809850e-04
953 1.625409e-04
954 7.045660e-05
955 4.753211e-06
956 -3.626408e-05
957 -5.478020e-05
958 -5.348048e-05
959 -3.683659e-05
960 0.000000e+00
961 0.000000e+00
962 0.000000e+00
963 0.000000e+00
964 0.000000e+00
965 0.000000e+00
966 0.000000e+00
967 0.000000e+00
968 1.178107e-03
969 9.087440e-04
970 6.715501e-04
971 4.666770e-04
972 2.958097e-04
973 1.609330e-04
974 6.077871e-05
975 -6.631153e-06
976 -4.520144e-05
977 -5.892816e-05
978 -5.227607e-05
979 -4.089004e-05
980 0.000000e+00
981 0.000000e+00
982 0.000000e+00
983 0.000000e+00
984 0.000000e+00
985 0.000000e+00
986 0.000000e+00
987 0.000000e+00
988 1.243743e-03
989 9.424884e-04
990 6.812185e-04
991 4.605394e-04
992 2.815433e-04
993 1.448330e-04
994 4.732395e-05
995 -1.491300e-05
996 -4.747227e-05
997 -5.517985e-05
998 -5.028291e-05
999 -4.423434e-05
1000 0.000000e+00
1001 0.000000e+00
1002 0.000000e+00
1003 0.000000e+00
1004 0.000000e+00
1005 0.000000e+00
1006 0.000000e+00
1007 0.000000e+00
1008 0.000000e+00
1009 0.000000e+00
1010 0.000000e+00
1011 0.000000e+00
1012 2.813096e-06
1013 2.344017e-06
1014 1.944118e-06
1015 1.589971e-06
1016 1.266714e-06
1017 9.608998e-07
1018 6.621907e-07
1019 3.696349e-07
1020 0.000000e+00
1021 0.000000e+00
1022 0.000000e+00
1023 0.000000e+00
1024 0.000000e+00
1025 0.000000e+00
1026 0.000000e+00
1027 0.000000e+00
1028 0.000000e+00
1029 0.000000e+00
1030 0.000000e+00
1031 0.000000e+00
1032 4.499339e-06
1033 3.795203e-06
1034 3.177607e-06
1035 2.612598e-06
1036 2.082032e-06
1037 1.570732e-06
1038 1.070262e-06
1039 5.845422e-07
1040 0.000000e+00
1041 0.000000e+00
1042 0.000000e+00
1043 0.000000e+00
1044 0.000000e+00
1045 0.000000e+00
1046 0.000000e+00
1047 0.000000e+00
1048 0.000000e+00
1049 0.000000e+00
1050 0.000000e+00
1051 0.000000e+00
1052 0.000000e+00
1053 0.000000e+00
1054 6.772123e-06
1055 5.555268e-06
1056 4.384052e-06
1057 3.249453e-06
1058 2.152788e-06
1059 1.133073e-06
1060 0.000000e+00
1061 0.000000e+00
1062 0.000000e+00
1063 0.000000e+00
1064 0.000000e+00
1065 0.000000e+00
1066 0.000000e+00
1067 0.000000e+00
1068 0.000000e+00
1069 0.000000e+00
1070 0.000000e+00
1071 0.000000e+00
1072 0.000000e+00
1073 0.000000e+00
1074 9.137872e-06
1075 7.406614e-06
1076 5.755951e-06
1077 4.191360e-06
1078 2.733674e-06
1079 1.428320e-06
1080 1.964338e-07
1081 1.833043e-07
1082 1.628155e-07
1083 1.372827e-07
1084 1.099652e-07
1085 8.443345e-08
1086 6.273980e-08
1087 4.492964e-08
1088 3.043537e-08
1089 1.979813e-08
1090 1.277634e-08
1091 8.063490e-09
1092 5.078939e-09
1093 3.210362e-09
1094 2.042041e-09
