0 1.086276e-05
1 1.659126e-05
2 7.164338e-06
3 5.507511e-06
4 -1.140589e-06
5 9.518020e-06
6 4.078365e-06
7 1.834129e-06
8 4.815655e-06
9 2.386402e-06
10 1.028771e-06
11 2.228189e-07
12 6.420630e-08
13 1.059023e-06
14 1.244579e-06
15 2.806640e-07
16 1.340045e-08
17 1.446063e-07
18 -7.403344e-08
19 -9.682242e-08
20 1.434198e-05
21 1.056610e-05
22 1.623247e-05
23 7.274909e-06
24 1.058348e-05
25 5.879064e-06
26 6.446523e-06
27 5.135206e-06
28 4.445243e-06
29 5.306835e-06
30 2.145257e-06
31 -3.648054e-07
32 8.950431e-07
33 5.255387e-07
34 4.635297e-07
35 5.063577e-07
36 2.406214e-07
37 -3.922678e-08
38 -2.571551e-08
39 -2.565913e-07
40 2.768556e-05
41 2.178597e-05
42 1.692807e-05
43 1.243839e-05
44 1.152783e-05
45 7.466150e-06
46 9.197577e-06
47 4.747978e-06
48 1.221156e-06
49 3.254444e-06
50 3.127935e-06
51 8.496552e-07
52 2.643490e-06
53 1.298437e-06
54 7.881842e-07
55 3.415313e-07
56 2.365645e-07
57 3.660211e-07
58 6.084205e-09
59 -1.838701e-08
60 2.091552e-05
61 2.594496e-05
62 1.010900e-05
63 1.703375e-05
64 3.115389e-06
65 5.114389e-06
66 1.048540e-05
67 6.805019e-06
68 4.748710e-06
69 1.977165e-06
70 3.256983e-06
71 2.608229e-06
72 1.894189e-06
73 1.296131e-06
74 1.605704e-06
75 1.104126e-06
76 3.773919e-07
77 -1.732224e-08
78 -5.302748e-07
79 2.226882e-07
80 2.948238e-05
81 1.952365e-05
82 3.210981e-06
83 6.012058e-06
84 8.020487e-06
85 3.215718e-06
86 1.755577e-05
87 6.990162e-06
88 6.602589e-06
89 2.809909e-06
90 2.406298e-06
91 4.439867e-06
92 1.322069e-06
93 1.415181e-06
94 2.136120e-06
95 1.775268e-06
96 5.260213e-07
97 2.432803e-07
98 -2.816055e-07
99 2.768468e-07
100 4.617043e-05
101 3.297199e-05
102 1.332775e-05
103 1.342846e-05
104 8.293073e-06
105 8.805842e-06
106 7.462855e-06
107 4.768816e-06
108 6.180833e-06
109 3.750221e-06
110 5.378511e-06
111 4.016853e-06
112 2.645193e-06
113 2.289243e-06
114 2.112322e-06
115 1.432519e-06
116 8.626135e-07
117 9.386154e-07
118 3.532298e-07
119 -1.307130e-08
120 3.328364e-05
121 1.200934e-05
122 2.483338e-05
123 2.736935e-05
124 1.372589e-05
125 1.487787e-05
126 8.943943e-06
127 7.817903e-06
128 6.349148e-06
129 6.945500e-06
130 1.671633e-06
131 5.546601e-06
132 2.648950e-06
133 3.154091e-06
134 1.359430e-06
135 1.584861e-06
136 8.176642e-07
137 1.084117e-06
138 6.517253e-08
139 2.645758e-07
140 6.356098e-05
141 3.336501e-05
142 4.099988e-05
143 2.713546e-05
144 2.470239e-05
145 2.167974e-05
146 1.287017e-05
147 1.580010e-05
148 6.530595e-06
149 9.595348e-06
150 6.438415e-06
151 5.754066e-06
152 5.777648e-06
153 3.973381e-06
154 3.628918e-06
155 1.860010e-06
156 1.312337e-06
157 8.193417e-07
158 2.442347e-07
159 -4.738583e-07
160 6.067405e-05
161 4.450427e-05
162 3.980676e-05
163 2.847353e-05
164 2.536954e-05
165 2.615685e-05
166 1.865743e-05
167 1.340988e-05
168 1.306345e-05
169 1.224390e-05
170 8.403765e-06
171 7.699772e-06
172 5.244535e-06
173 4.221501e-06
174 3.225190e-06
175 2.009226e-06
176 1.202754e-06
177 1.710569e-06
178 -1.780350e-07
179 1.927293e-07
180 7.035616e-05
181 6.072507e-05
182 5.605024e-05
183 2.861163e-05
184 4.025301e-05
185 2.685494e-05
186 2.438611e-05
187 1.706100e-05
188 9.012256e-06
189 1.856817e-05
190 1.786620e-05
191 9.336972e-06
192 4.290266e-06
193 6.045578e-06
194 2.952976e-06
195 2.073490e-06
196 1.439156e-06
197 4.724756e-07
198 -7.578808e-07
199 1.153849e-06
200 1.756451e-05
201 6.394283e-06
202 -3.102867e-06
203 -2.060882e-06
204 -2.736837e-06
205 3.377262e-06
206 7.356087e-06
207 7.520722e-06
208 3.491180e-08
209 1.207768e-06
210 2.379861e-06
211 6.515627e-08
212 2.172712e-06
213 7.371027e-07
214 3.490890e-07
215 6.037273e-08
216 5.510431e-07
217 1.370269e-07
218 3.211039e-07
219 5.782730e-07
220 9.510744e-06
221 -5.504007e-07
222 1.901348e-06
223 3.484101e-06
224 -2.302149e-06
225 2.324826e-06
226 2.381038e-06
227 2.489506e-06
228 4.906401e-06
229 2.372026e-06
230 6.484577e-07
231 1.470621e-06
232 1.494411e-06
233 8.353369e-07
234 5.134933e-07
235 3.754537e-07
236 7.463445e-07
237 4.591156e-07
238 3.675031e-07
239 4.507932e-07
240 -1.376516e-05
241 5.718219e-06
242 1.743646e-05
243 1.116268e-05
244 -3.739243e-06
245 3.219128e-06
246 4.463997e-06
247 6.383769e-07
248 6.378087e-06
249 1.414031e-06
250 1.549291e-06
251 1.899560e-06
252 1.538464e-06
253 1.508135e-06
254 6.930407e-07
255 9.258321e-07
256 4.865404e-07
257 3.191261e-07
258 1.163360e-07
259 1.713180e-07
260 2.065149e-05
261 -1.620308e-07
262 2.516108e-05
263 -6.009133e-06
264 4.921485e-06
265 -3.677324e-06
266 1.039706e-06
267 6.107452e-06
268 3.344156e-06
269 2.960294e-06
270 2.430624e-06
271 2.561468e-06
272 2.339095e-06
273 1.868104e-06
274 8.345152e-07
275 1.694962e-06
276 5.614625e-07
277 4.500448e-07
278 5.274401e-07
279 4.198007e-07
280 2.393034e-05
281 2.078953e-05
282 7.106790e-06
283 -6.265184e-06
284 2.540261e-06
285 -3.347241e-06
286 2.336565e-06
287 1.133279e-06
288 2.272758e-06
289 4.515524e-06
290 6.437597e-06
291 -8.216319e-08
292 -1.318015e-07
293 1.225242e-06
294 7.292127e-07
295 2.371546e-07
296 1.098981e-06
297 5.706478e-07
298 3.141124e-07
299 4.913623e-07
300 7.697505e-06
301 5.237027e-06
302 1.396471e-05
303 1.819681e-06
304 8.537596e-06
305 1.043433e-05
306 3.725998e-06
307 8.209677e-06
308 4.705209e-06
309 3.922986e-06
310 7.523450e-07
311 1.410055e-06
312 1.647083e-06
313 1.855160e-06
314 1.147820e-06
315 1.198637e-06
316 7.960376e-07
317 9.508020e-07
318 5.611984e-07
319 5.481757e-07
320 1.264698e-05
321 4.884664e-06
322 4.646886e-06
323 1.219811e-05
324 -1.164214e-06
325 -3.341000e-06
326 1.251897e-06
327 1.471442e-06
328 6.761345e-06
329 3.162629e-06
330 5.287213e-06
331 1.998260e-06
332 7.864302e-07
333 8.328662e-07
334 3.122539e-06
335 5.233919e-07
336 9.398939e-07
337 3.628173e-07
338 1.002621e-07
339 1.034573e-06
340 -1.370265e-05
341 5.096159e-06
342 2.060662e-05
343 3.548315e-06
344 1.268169e-05
345 1.085798e-05
346 6.161313e-06
347 8.071073e-06
348 5.249288e-06
349 5.789363e-06
350 4.574299e-06
351 3.804591e-06
352 2.170798e-06
353 3.964297e-06
354 8.713294e-07
355 1.089629e-06
356 1.316099e-06
357 1.056712e-06
358 1.269944e-06
359 7.657715e-07
360 1.107289e-05
361 1.482839e-05
362 2.338430e-05
363 1.163191e-05
364 1.306190e-05
365 1.122542e-05
366 6.004252e-06
367 7.313747e-06
368 4.801022e-06
369 5.535139e-06
370 4.937662e-06
371 1.627981e-06
372 3.859054e-06
373 4.760917e-06
374 2.560511e-06
375 2.714167e-06
376 2.021464e-06
377 1.955875e-06
378 1.449228e-06
379 1.299517e-06
380 2.632697e-05
381 5.855524e-05
382 2.016987e-05
383 7.681572e-06
384 1.105942e-05
385 1.618405e-05
386 2.119394e-05
387 1.436828e-05
388 1.058021e-05
389 4.101299e-06
390 8.495175e-06
391 1.674544e-07
392 2.811109e-06
393 5.157858e-06
394 5.194785e-06
395 1.976809e-06
396 1.990823e-06
397 2.408078e-06
398 1.877594e-06
399 2.281309e-06
400 1.115349e-03
401 1.186736e-03
402 7.567944e-04
403 5.658163e-04
404 5.323792e-04
405 5.192144e-04
406 4.184041e-04
407 2.348730e-04
408 1.942769e-04
409 1.702573e-04
410 1.664331e-04
411 1.118470e-04
412 6.415675e-05
413 5.851604e-05
414 5.446451e-05
415 4.220310e-05
416 2.865807e-05
417 5.098486e-05
418 3.592872e-05
419 1.124696e-05
420 2.063120e-03
421 1.067879e-03
422 1.407583e-03
423 1.187153e-03
424 8.826571e-04
425 7.383120e-04
426 4.128357e-04
427 3.472306e-04
428 3.548569e-04
429 2.737105e-04
430 1.366665e-04
431 2.025255e-04
432 1.544928e-04
433 9.942554e-05
434 1.138479e-04
435 7.653121e-05
436 8.001489e-05
437 5.336104e-05
438 4.904272e-05
439 4.648624e-05
440 2.778071e-03
441 2.019239e-03
442 1.909054e-03
443 1.669116e-03
444 1.326911e-03
445 9.483227e-04
446 6.749274e-04
447 5.681017e-04
448 4.984483e-04
449 3.785735e-04
450 3.322098e-04
451 2.631033e-04
452 1.826290e-04
453 1.746237e-04
454 1.887052e-04
455 1.359252e-04
456 1.164399e-04
457 1.080240e-04
458 8.973721e-05
459 8.400067e-05
460 2.116199e-03
461 2.690807e-03
462 2.061394e-03
463 1.705185e-03
464 1.480209e-03
465 1.122918e-03
466 7.939307e-04
467 7.599823e-04
468 5.550327e-04
469 2.808275e-04
470 3.154900e-04
471 3.244373e-04
472 2.759681e-04
473 1.682265e-04
474 1.934454e-04
475 1.532897e-04
476 1.125248e-04
477 1.159556e-04
478 7.997140e-05
479 5.587540e-05
480 5.441966e-04
481 5.059677e-04
482 5.327351e-04
483 2.829026e-04
484 2.652069e-04
485 1.555387e-04
486 1.104694e-04
487 7.081405e-05
488 8.628347e-05
489 9.708582e-05
490 5.308540e-05
491 6.152823e-05
492 4.851532e-05
493 5.232131e-06
494 5.945618e-06
495 2.514132e-05
496 2.036176e-05
497 2.121719e-05
498 1.394153e-05
499 2.515910e-05
500 1.041363e-03
501 8.861927e-04
502 4.625753e-04
503 6.098554e-04
504 4.191346e-04
505 4.384237e-04
506 3.038917e-04
507 1.748137e-04
508 1.857319e-04
509 1.518823e-04
510 1.387295e-04
511 4.965894e-05
512 7.542126e-05
513 5.271132e-05
514 5.339646e-05
515 3.843301e-05
516 2.663485e-05
517 2.691581e-05
518 3.480376e-05
519 3.549180e-05
520 1.998549e-03
521 1.649299e-03
522 1.477966e-03
523 1.065209e-03
524 7.578715e-04
525 6.616467e-04
526 4.658833e-04
527 4.312904e-04
528 4.320417e-04
529 2.849266e-04
530 2.513028e-04
531 1.842140e-04
532 1.754831e-04
533 1.608918e-04
534 1.347588e-04
535 1.150801e-04
536 1.180963e-04
537 8.249404e-05
538 7.483051e-05
539 6.598593e-05
540 2.425822e-03
541 2.069397e-03
542 1.260281e-03
543 1.447092e-03
544 1.119750e-03
545 9.577199e-04
546 6.485415e-04
547 5.798772e-04
548 3.754473e-04
549 3.645303e-04
550 2.110356e-04
551 2.467605e-04
552 2.250733e-04
553 1.615774e-04
554 1.741032e-04
555 1.686074e-04
556 1.296404e-04
557 1.030301e-04
558 9.126105e-05
559 6.172049e-05
560 1.591185e-04
561 2.026343e-04
562 1.640777e-04
563 -5.660673e-05
564 -1.007325e-05
565 1.214768e-05
566 7.251639e-05
567 3.073888e-05
568 5.701752e-05
569 4.914979e-05
570 2.931144e-05
571 2.543751e-05
572 3.049107e-05
573 1.969327e-05
574 3.572936e-05
575 2.809341e-05
576 1.740769e-05
577 1.367404e-05
578 4.657274e-06
579 7.329053e-06
580 2.807052e-04
581 3.438855e-04
582 1.270411e-04
583 1.722857e-04
584 2.466273e-05
585 8.458687e-05
586 3.763554e-05
587 7.526320e-05
588 4.523751e-05
589 1.779837e-05
590 -3.056540e-05
591 1.483975e-06
592 6.534859e-06
593 1.025645e-05
594 -2.229610e-06
595 4.072799e-06
596 6.551170e-06
597 -1.374626e-05
598 -1.096847e-05
599 -1.588793e-05
600 1.129827e-03
601 1.156685e-03
602 7.666425e-04
603 4.894271e-04
604 4.089840e-04
605 1.852530e-04
606 1.959103e-04
607 2.304729e-04
608 1.690719e-04
609 1.361327e-04
610 1.294132e-04
611 1.209039e-04
612 1.095109e-04
613 8.395083e-05
614 7.877346e-05
615 6.018863e-05
616 5.778374e-05
617 4.377879e-05
618 3.264642e-05
619 2.148225e-05
620 1.913282e-03
621 1.286393e-03
622 1.487983e-03
623 9.496667e-04
624 5.900802e-04
625 4.564637e-04
626 5.919745e-04
627 3.920517e-04
628 2.862108e-04
629 2.204495e-04
630 2.252044e-04
631 1.370857e-04
632 1.430970e-04
633 1.327895e-04
634 1.074603e-04
635 9.189583e-05
636 8.449442e-05
637 8.482780e-05
638 4.703491e-05
639 2.361537e-05
640 -2.575847e-04
641 3.042727e-05
642 9.373167e-05
643 -8.960308e-05
644 6.415358e-05
645 1.051309e-04
646 1.315706e-05
647 6.187814e-05
648 9.084885e-06
649 7.029625e-06
650 3.582005e-05
651 4.297712e-05
652 7.714397e-06
653 1.485877e-07
654 1.109213e-05
655 -3.282032e-06
656 -6.548715e-06
657 1.192757e-05
658 4.811358e-06
659 -3.984770e-06
660 2.756459e-04
661 1.373101e-04
662 -2.302787e-04
663 2.328320e-05
664 7.616341e-05
665 3.920617e-05
666 2.394105e-05
667 6.736830e-05
668 4.244825e-06
669 -6.941520e-06
670 3.278649e-05
671 4.718759e-05
672 1.343501e-05
673 -1.998221e-06
674 6.139406e-07
675 6.632102e-06
676 3.591468e-05
677 6.297198e-06
678 8.899569e-06
679 1.100488e-05
680 3.643858e-04
681 5.193131e-04
682 2.379667e-04
683 1.642113e-04
684 8.569312e-05
685 7.894556e-05
686 6.422024e-05
687 1.226654e-04
688 1.048778e-04
689 8.165873e-05
690 5.848224e-05
691 4.694899e-05
692 3.781996e-05
693 2.339483e-05
694 2.182735e-05
695 4.814946e-05
696 4.740497e-05
697 3.205764e-05
698 3.134630e-05
699 1.766001e-05
700 1.359661e-03
701 1.272962e-03
702 8.018892e-04
703 5.863568e-04
704 2.435504e-04
705 2.880296e-04
706 2.507665e-04
707 3.346460e-04
708 2.545273e-04
709 2.385093e-04
710 1.850614e-04
711 1.405283e-04
712 9.942606e-05
713 1.213681e-04
714 8.717948e-05
715 1.038582e-04
716 7.274420e-05
717 5.823552e-05
718 5.977064e-05
719 3.144802e-05
720 1.899673e-04
721 -4.395123e-04
722 -1.729236e-04
723 -1.089407e-04
724 -2.606685e-05
725 -1.533370e-05
726 -1.666546e-04
727 -2.664055e-05
728 -1.743507e-05
729 -5.215193e-05
730 7.298987e-05
731 2.820254e-05
732 4.734139e-05
733 1.497809e-06
734 1.497577e-05
735 1.155398e-05
736 1.681622e-05
737 1.429106e-05
738 7.823243e-06
739 -7.632891e-07
740 -2.255950e-04
741 -2.558157e-04
742 -2.542845e-04
743 -1.021073e-04
744 -4.730367e-05
745 1.611813e-05
746 -5.638538e-05
747 9.861505e-06
748 7.986605e-06
749 -1.280137e-05
750 -2.286344e-05
751 6.572215e-05
752 1.239484e-06
753 -3.739734e-05
754 -1.987910e-05
755 1.239705e-06
756 -2.409730e-06
757 -3.877488e-06
758 -1.957476e-06
759 -2.746046e-06
760 2.776375e-04
761 5.246620e-05
762 1.092843e-04
763 -2.152495e-04
764 -1.883255e-04
765 1.147673e-04
766 -2.898372e-05
767 6.719020e-05
768 5.030081e-05
769 -8.065219e-06
770 6.913240e-05
771 6.800040e-05
772 1.520064e-05
773 -1.102747e-06
774 1.568029e-06
775 2.543149e-05
776 1.311034e-06
777 2.804574e-08
778 1.155601e-05
779 1.113267e-05
780 1.015467e-05
781 5.836306e-04
782 1.097928e-03
783 5.121880e-04
784 4.911369e-04
785 2.308876e-04
786 1.515820e-04
787 1.256547e-04
788 9.601157e-05
789 1.674419e-05
790 1.095812e-04
791 4.677882e-05
792 9.631172e-05
793 6.491903e-05
794 5.965002e-05
795 3.040895e-05
796 2.441116e-05
797 6.399734e-07
798 1.745959e-05
799 -2.630426e-06
800 5.748763e-01
801 4.220256e-01
802 3.243485e-01
803 2.529017e-01
804 1.984279e-01
805 1.695158e-01
806 1.352840e-01
807 1.087514e-01
808 8.981736e-02
809 7.176302e-02
810 5.587218e-02
811 4.514246e-02
812 4.188949e-02
813 3.201700e-02
814 2.218017e-02
815 1.985237e-02
816 1.659972e-02
817 1.203383e-02
818 7.729101e-03
819 6.099985e-03
820 3.569400e-01
821 2.885213e-01
822 2.269866e-01
823 1.766733e-01
824 1.493352e-01
825 1.243995e-01
826 1.034124e-01
827 8.693799e-02
828 7.221542e-02
829 6.060231e-02
830 4.977724e-02
831 4.166050e-02
832 3.360752e-02
833 2.597456e-02
834 1.862479e-02
835 1.349982e-02
836 1.014212e-02
837 6.931125e-03
838 3.706995e-03
839 1.123646e-03
840 2.212739e-01
841 1.898279e-01
842 1.620153e-01
843 1.310592e-01
844 1.081369e-01
845 8.993794e-02
846 7.749630e-02
847 6.407074e-02
848 5.370786e-02
849 4.423527e-02
850 3.604212e-02
851 2.856996e-02
852 2.050341e-02
853 1.527398e-02
854 1.144853e-02
855 8.031086e-03
856 4.367563e-03
857 1.775619e-03
858 2.092196e-03
859 1.678123e-03
860 2.624334e-01
861 2.060285e-01
862 1.756892e-01
863 1.546094e-01
864 1.212585e-01
865 1.056256e-01
866 8.284641e-02
867 6.835412e-02
868 5.762683e-02
869 4.525296e-02
870 3.695702e-02
871 2.822137e-02
872 2.034065e-02
873 1.462782e-02
874 1.053943e-02
875 7.452386e-03
876 4.849112e-03
877 3.160846e-03
878 5.327631e-04
879 -8.392618e-04
880 1.980606e-01
881 2.094739e-01
882 1.820125e-01
883 1.402893e-01
884 9.971040e-02
885 1.028621e-01
886 7.970961e-02
887 6.449529e-02
888 5.468634e-02
889 3.893423e-02
890 3.200040e-02
891 2.118885e-02
892 1.683397e-02
893 1.360963e-02
894 6.273291e-03
895 2.771417e-03
896 -1.449828e-03
897 2.138088e-04
898 1.512660e-03
899 -8.076400e-04
900 1.842267e-03
901 2.063935e-03
902 2.341290e-03
903 1.934527e-03
904 2.693001e-03
905 1.375344e-03
906 1.035696e-03
907 1.038257e-03
908 5.260531e-04
909 7.240889e-04
910 9.824331e-04
911 8.663062e-04
912 5.045785e-04
913 2.175068e-04
914 2.099222e-04
915 2.512988e-04
916 7.401725e-05
917 1.998583e-04
918 1.917374e-04
919 5.418862e-05
920 5.178470e-03
921 6.122117e-03
922 3.790936e-03
923 3.491847e-03
924 3.725426e-03
925 2.164370e-03
926 2.112161e-03
927 1.969842e-03
928 1.284691e-03
929 7.940910e-04
930 5.755874e-04
931 4.403324e-04
932 2.586577e-04
933 5.570875e-05
934 2.614664e-04
935 2.403171e-04
936 6.975409e-05
937 9.917536e-05
938 2.553548e-05
939 1.032364e-05
940 3.235553e-03
941 4.475716e-03
942 3.335064e-03
943 3.899137e-03
944 3.044469e-03
945 2.609472e-03
946 1.637225e-03
947 1.147217e-03
948 9.430859e-04
949 5.831785e-04
950 2.628116e-04
951 4.961585e-04
952 2.627401e-04
953 2.014212e-04
954 6.990037e-05
955 9.782257e-05
956 3.655625e-05
957 5.990854e-05
958 -1.373043e-05
959 2.442935e-05
960 1.019478e-03
961 3.574340e-03
962 2.362025e-03
963 3.671722e-03
964 3.272146e-03
965 2.944665e-03
966 2.543059e-03
967 1.646253e-03
968 1.395650e-03
969 1.396709e-03
970 6.242239e-04
971 4.546769e-04
972 2.371325e-04
973 2.734819e-04
974 3.959851e-04
975 8.954643e-05
976 6.168690e-05
977 1.438926e-04
978 -6.844753e-05
979 -8.914051e-06
980 5.732205e-03
981 6.760876e-03
982 3.664501e-03
983 3.504701e-03
984 3.570685e-03
985 1.822385e-03
986 2.191003e-03
987 1.449509e-03
988 9.890398e-04
989 9.223792e-04
990 3.837488e-04
991 7.651990e-04
992 3.723975e-04
993 1.329784e-04
994 2.830139e-04
995 2.735801e-05
996 2.133764e-04
997 4.152787e-05
998 -7.021976e-05
999 4.961758e-05
1000 -1.814221e-05
1001 1.667550e-05
1002 4.329564e-05
1003 -1.163621e-06
1004 2.777005e-05
1005 1.404316e-05
1006 -2.873712e-06
1007 -9.899090e-07
1008 1.199396e-06
1009 -4.787706e-06
1010 9.974852e-06
1011 5.147675e-06
1012 2.090320e-06
1013 9.982252e-06
1014 -2.440180e-06
1015 3.916516e-06
1016 2.780326e-07
1017 2.442700e-06
1018 -1.447840e-07
1019 1.675370e-06
1020 -2.510385e-05
1021 2.343297e-05
1022 4.167320e-05
1023 1.695730e-06
1024 -8.403159e-06
1025 2.516331e-05
1026 1.194798e-05
1027 4.425431e-06
1028 1.918501e-05
1029 8.752713e-06
1030 6.687679e-06
1031 2.447494e-06
1032 -5.793294e-06
1033 2.310047e-06
1034 6.589630e-06
1035 1.085129e-06
1036 5.045544e-06
1037 2.634998e-06
1038 8.563614e-07
1039 1.409330e-06
1040 -1.984255e-05
1041 -2.570185e-05
1042 5.155234e-05
1043 2.356396e-05
1044 3.434098e-05
1045 1.834402e-05
1046 4.261256e-05
1047 4.480959e-05
1048 3.142138e-05
1049 2.483744e-05
1050 2.422810e-05
1051 9.471997e-06
1052 7.579127e-06
1053 1.126447e-05
1054 1.107974e-06
1055 7.424484e-06
1056 3.063612e-06
1057 3.694730e-06
1058 2.188390e-06
1059 3.082996e-06
1060 9.495621e-05
1061 2.966249e-05
1062 -2.420143e-06
1063 4.215560e-06
1064 -1.593864e-06
1065 2.380442e-05
1066 1.279647e-05
1067 3.594013e-05
1068 1.194805e-05
1069 1.628541e-05
1070 3.311984e-05
1071 2.497335e-05
1072 8.312446e-06
1073 4.899674e-06
1074 1.396940e-05
1075 4.403909e-06
1076 6.027051e-06
1077 4.786302e-06
1078 5.359640e-06
1079 1.922655e-07
1080 2.197858e-07
1081 2.095205e-07
1082 1.892783e-07
1083 1.611444e-07
1084 1.291287e-07
1085 9.806686e-08
1086 7.151117e-08
1087 5.031742e-08
1088 3.370400e-08
1089 2.151946e-08
1090 1.349963e-08
1091 8.278988e-09
1092 5.040055e-09
1093 3.059700e-09
1094 1.861708e-09
