0 1.000000e+00
1 9.999999e-01
2 9.999998e-01
3 9.999997e-01
4 9.999994e-01
5 9.999990e-01
6 9.999986e-01
7 9.999980e-01
8 9.999972e-01
9 9.999964e-01
10 9.999953e-01
11 9.999941e-01
12 9.999927e-01
13 9.999913e-01
14 9.999897e-01
15 9.999881e-01
16 9.999866e-01
17 9.999852e-01
18 9.999840e-01
19 9.999830e-01
20 9.999812e-01
21 9.999792e-01
22 9.999771e-01
23 9.999749e-01
24 9.999727e-01
25 9.999705e-01
26 9.999684e-01
27 9.999663e-01
28 9.999638e-01
29 9.999611e-01
30 9.999584e-01
31 9.999556e-01
32 9.999527e-01
33 9.999498e-01
34 9.999468e-01
35 9.999439e-01
36 9.999407e-01
37 9.999374e-01
38 9.999339e-01
39 9.999304e-01
40 9.999268e-01
41 9.999232e-01
42 9.999195e-01
43 9.999159e-01
44 9.999120e-01
45 9.999079e-01
46 9.999037e-01
47 9.998995e-01
48 9.998952e-01
49 9.998909e-01
50 9.998865e-01
51 9.998821e-01
52 9.998775e-01
53 9.998727e-01
54 9.998679e-01
55 9.998629e-01
56 9.998580e-01
57 9.998529e-01
58 9.998478e-01
59 9.998426e-01
60 9.998373e-01
61 9.998318e-01
62 9.998263e-01
63 9.998207e-01
64 9.998150e-01
65 9.998092e-01
66 9.998034e-01
67 9.997975e-01
68 9.997915e-01
69 9.997853e-01
70 9.997790e-01
71 9.997727e-01
72 9.997663e-01
73 9.997598e-01
74 9.997533e-01
75 9.997467e-01
76 9.997399e-01
77 9.997330e-01
78 9.997261e-01
79 9.997190e-01
80 9.997119e-01
81 9.997047e-01
82 9.996975e-01
83 9.996901e-01
84 9.996827e-01
85 9.996751e-01
86 9.996674e-01
87 9.996597e-01
88 9.996519e-01
89 9.996439e-01
90 9.996360e-01
91 9.996279e-01
92 9.996198e-01
93 9.996115e-01
94 9.996031e-01
95 9.995946e-01
96 9.995861e-01
97 9.995775e-01
98 9.995688e-01
99 9.995601e-01
100 9.995512e-01
101 9.995422e-01
102 9.995331e-01
103 9.995239e-01
104 9.995147e-01
105 9.995053e-01
106 9.994960e-01
107 9.994865e-01
108 9.994769e-01
109 9.994672e-01
110 9.994574e-01
111 9.994475e-01
112 9.994376e-01
113 9.994275e-01
114 9.994174e-01
115 9.994072e-01
116 9.993969e-01
117 9.993865e-01
118 9.993760e-01
119 9.993654e-01
120 9.993548e-01
121 9.993440e-01
122 9.993332e-01
123 9.993223e-01
124 9.993113e-01
125 9.993002e-01
126 9.992890e-01
127 9.992777e-01
128 9.992663e-01
129 9.992548e-01
130 9.992433e-01
131 9.992317e-01
132 9.992200e-01
133 9.992081e-01
134 9.991962e-01
135 9.991842e-01
136 9.991721e-01
137 9.991600e-01
138 9.991477e-01
139 9.991354e-01
140 9.991230e-01
141 9.991104e-01
142 9.990978e-01
143 9.990851e-01
144 9.990723e-01
145 9.990594e-01
146 9.990465e-01
147 9.990334e-01
148 9.990203e-01
149 9.990070e-01
150 9.989937e-01
151 9.989803e-01
152 9.989668e-01
153 9.989532e-01
154 9.989395e-01
155 9.989258e-01
156 9.989120e-01
157 9.988980e-01
158 9.988839e-01
159 9.988698e-01
160 9.988556e-01
161 9.988413e-01
162 9.988269e-01
163 9.988125e-01
164 9.987979e-01
165 9.987833e-01
166 9.987685e-01
167 9.987537e-01
168 9.987387e-01
169 9.987237e-01
170 9.987087e-01
171 9.986935e-01
172 9.986782e-01
173 9.986629e-01
174 9.986474e-01
175 9.986318e-01
176 9.986162e-01
177 9.986005e-01
178 9.985847e-01
179 9.985688e-01
180 9.985529e-01
181 9.985368e-01
182 9.985206e-01
183 9.985044e-01
184 9.984880e-01
185 9.984716e-01
186 9.984551e-01
187 9.984385e-01
188 9.984218e-01
189 9.984050e-01
190 9.983882e-01
191 9.983712e-01
192 9.983541e-01
193 9.983370e-01
194 9.983198e-01
195 9.983025e-01
196 9.982851e-01
197 9.982676e-01
198 9.982500e-01
199 9.982324e-01
200 9.982146e-01
201 9.981968e-01
202 9.981789e-01
203 9.981609e-01
204 9.981428e-01
205 9.981246e-01
206 9.981063e-01
207 9.980879e-01
208 9.980694e-01
209 9.980509e-01
210 9.980323e-01
211 9.980135e-01
212 9.979947e-01
213 9.979758e-01
214 9.979568e-01
215 9.979377e-01
216 9.979186e-01
217 9.978993e-01
218 9.978800e-01
219 9.978606e-01
220 9.978410e-01
221 9.978214e-01
222 9.978017e-01
223 9.977819e-01
224 9.977620e-01
225 9.977421e-01
226 9.977220e-01
227 9.977019e-01
228 9.976817e-01
229 9.976614e-01
230 9.976410e-01
231 9.976205e-01
232 9.975999e-01
233 9.975792e-01
234 9.975585e-01
235 9.975376e-01
236 9.975167e-01
237 9.974957e-01
238 9.974745e-01
239 9.974533e-01
240 9.974320e-01
241 9.974107e-01
242 9.973892e-01
243 9.973677e-01
244 9.973460e-01
245 9.973243e-01
246 9.973025e-01
247 9.972806e-01
248 9.972586e-01
249 9.972365e-01
250 9.972143e-01
251 9.971921e-01
252 9.971697e-01
253 9.971473e-01
254 9.971248e-01
255 9.971021e-01
256 9.970794e-01
257 9.970566e-01
258 9.970338e-01
259 9.970108e-01
260 9.969878e-01
261 9.969646e-01
262 9.969414e-01
263 9.969181e-01
264 9.968947e-01
265 9.968712e-01
266 9.968476e-01
267 9.968239e-01
268 9.968002e-01
269 9.967763e-01
270 9.967524e-01
271 9.967283e-01
272 9.967042e-01
273 9.966800e-01
274 9.966558e-01
275 9.966314e-01
276 9.966069e-01
277 9.965824e-01
278 9.965577e-01
279 9.965330e-01
280 9.965082e-01
281 9.964833e-01
282 9.964583e-01
283 9.964332e-01
284 9.964080e-01
285 9.963828e-01
286 9.963574e-01
287 9.963320e-01
288 9.963065e-01
289 9.962809e-01
290 9.962552e-01
291 9.962294e-01
292 9.962035e-01
293 9.961775e-01
294 9.961515e-01
295 9.961253e-01
296 9.960991e-01
297 9.960728e-01
298 9.960464e-01
299 9.960199e-01
300 9.959934e-01
301 9.959667e-01
302 9.959399e-01
303 9.959131e-01
304 9.958861e-01
305 9.958591e-01
306 9.958320e-01
307 9.958048e-01
308 9.957776e-01
309 9.957502e-01
310 9.957227e-01
311 9.956952e-01
312 9.956675e-01
313 9.956398e-01
314 9.956120e-01
315 9.955841e-01
316 9.955561e-01
317 9.955281e-01
318 9.954999e-01
319 9.954716e-01
320 9.954433e-01
321 9.954149e-01
322 9.953864e-01
323 9.953578e-01
324 9.953291e-01
325 9.953003e-01
326 9.952714e-01
327 9.952425e-01
328 9.952134e-01
329 9.951843e-01
330 9.951551e-01
331 9.951258e-01
332 9.950964e-01
333 9.950669e-01
334 9.950374e-01
335 9.950077e-01
336 9.949780e-01
337 9.949481e-01
338 9.949182e-01
339 9.948882e-01
340 9.948581e-01
341 9.948280e-01
342 9.947977e-01
343 9.947673e-01
344 9.947369e-01
345 9.947063e-01
346 9.946757e-01
347 9.946450e-01
348 9.946142e-01
349 9.945833e-01
350 9.945524e-01
351 9.945213e-01
352 9.944902e-01
353 9.944589e-01
354 9.944276e-01
355 9.943962e-01
356 9.943647e-01
357 9.943331e-01
358 9.943015e-01
359 9.942697e-01
360 9.942378e-01
361 9.942059e-01
362 9.941739e-01
363 9.941418e-01
364 9.941096e-01
365 9.940773e-01
366 9.940449e-01
367 9.940125e-01
368 9.939799e-01
369 9.939473e-01
370 9.939146e-01
371 9.938818e-01
372 9.938489e-01
373 9.938159e-01
374 9.937828e-01
375 9.937496e-01
376 9.937164e-01
377 9.936830e-01
378 9.936496e-01
379 9.936161e-01
380 9.935825e-01
381 9.935488e-01
382 9.935151e-01
383 9.934812e-01
384 9.934472e-01
385 9.934132e-01
386 9.933791e-01
387 9.933449e-01
388 9.933106e-01
389 9.932762e-01
390 9.932417e-01
391 9.932072e-01
392 9.931725e-01
393 9.931378e-01
394 9.931030e-01
395 9.930681e-01
396 9.930331e-01
397 9.929980e-01
398 9.929628e-01
399 9.929275e-01
400 9.928922e-01
401 9.928568e-01
402 9.928212e-01
403 9.927857e-01
404 9.927500e-01
405 9.927142e-01
406 9.926783e-01
407 9.926423e-01
408 9.926063e-01
409 9.925702e-01
410 9.925339e-01
411 9.924976e-01
412 9.924613e-01
413 9.924248e-01
414 9.923882e-01
415 9.923515e-01
416 9.923148e-01
417 9.922780e-01
418 9.922411e-01
419 9.922041e-01
420 9.921670e-01
421 9.921298e-01
422 9.920925e-01
423 9.920552e-01
424 9.920177e-01
425 9.919802e-01
426 9.919426e-01
427 9.919049e-01
428 9.918671e-01
429 9.918292e-01
430 9.917913e-01
431 9.917532e-01
432 9.917151e-01
433 9.916769e-01
434 9.916385e-01
435 9.916002e-01
436 9.915617e-01
437 9.915231e-01
438 9.914844e-01
439 9.914457e-01
440 9.914069e-01
441 9.913679e-01
442 9.913289e-01
443 9.912899e-01
444 9.912507e-01
445 9.912114e-01
446 9.911720e-01
447 9.911326e-01
448 9.910931e-01
449 9.910535e-01
450 9.910138e-01
451 9.909740e-01
452 9.909341e-01
453 9.908941e-01
454 9.908541e-01
455 9.908139e-01
456 9.907737e-01
457 9.907334e-01
458 9.906930e-01
459 9.906525e-01
460 9.906120e-01
461 9.905713e-01
462 9.905306e-01
463 9.904897e-01
464 9.904488e-01
465 9.904078e-01
466 9.903667e-01
467 9.903256e-01
468 9.902843e-01
469 9.902429e-01
470 9.902015e-01
471 9.901600e-01
472 9.901183e-01
473 9.900767e-01
474 9.900349e-01
475 9.899930e-01
476 9.899511e-01
477 9.899090e-01
478 9.898669e-01
479 9.898246e-01
480 9.897823e-01
481 9.897399e-01
482 9.896975e-01
483 9.896549e-01
484 9.896123e-01
485 9.895695e-01
486 9.895267e-01
487 9.894838e-01
488 9.894408e-01
489 9.893977e-01
490 9.893545e-01
491 9.893113e-01
492 9.892679e-01
493 9.892245e-01
494 9.891810e-01
495 9.891374e-01
496 9.890937e-01
497 9.890499e-01
498 9.890061e-01
499 9.889621e-01
500 9.889181e-01
501 9.888740e-01
502 9.888297e-01
503 9.887854e-01
504 9.887411e-01
505 9.886966e-01
506 9.886520e-01
507 9.886074e-01
508 9.885627e-01
509 9.885179e-01
510 9.884730e-01
511 9.884280e-01
512 9.883829e-01
513 9.883377e-01
514 9.882925e-01
515 9.882472e-01
516 9.882018e-01
517 9.881563e-01
518 9.881107e-01
519 9.880650e-01
520 9.880192e-01
521 9.879734e-01
522 9.879274e-01
523 9.878814e-01
524 9.878353e-01
525 9.877891e-01
526 9.877428e-01
527 9.876965e-01
528 9.876500e-01
529 9.876035e-01
530 9.875569e-01
531 9.875102e-01
532 9.874634e-01
533 9.874165e-01
534 9.873695e-01
535 9.873224e-01
536 9.872753e-01
537 9.872281e-01
538 9.871808e-01
539 9.871334e-01
540 9.870859e-01
541 9.870383e-01
542 9.869907e-01
543 9.869429e-01
544 9.868951e-01
545 9.868472e-01
546 9.867992e-01
547 9.867511e-01
548 9.867029e-01
549 9.866546e-01
550 9.866063e-01
551 9.865579e-01
552 9.865093e-01
553 9.864607e-01
554 9.864121e-01
555 9.863633e-01
556 9.863144e-01
557 9.862655e-01
558 9.862164e-01
559 9.861673e-01
560 9.861181e-01
561 9.860688e-01
562 9.860195e-01
563 9.859700e-01
564 9.859205e-01
565 9.858708e-01
566 9.858211e-01
567 9.857713e-01
568 9.857214e-01
569 9.856714e-01
570 9.856214e-01
571 9.855712e-01
572 9.855210e-01
573 9.854707e-01
574 9.854203e-01
575 9.853698e-01
576 9.853192e-01
577 9.852685e-01
578 9.852178e-01
579 9.851670e-01
580 9.851160e-01
581 9.850650e-01
582 9.850139e-01
583 9.849628e-01
584 9.849115e-01
585 9.848602e-01
586 9.848087e-01
587 9.847572e-01
588 9.847056e-01
589 9.846539e-01
590 9.846022e-01
591 9.845503e-01
592 9.844983e-01
593 9.844463e-01
594 9.843942e-01
595 9.843420e-01
596 9.842897e-01
597 9.842373e-01
598 9.841849e-01
599 9.841323e-01
600 9.840797e-01
601 9.840270e-01
602 9.839742e-01
603 9.839213e-01
604 9.838684e-01
605 9.838153e-01
606 9.837622e-01
607 9.837089e-01
608 9.836556e-01
609 9.836022e-01
610 9.835487e-01
611 9.834952e-01
612 9.834415e-01
613 9.833878e-01
614 9.833340e-01
615 9.832801e-01
616 9.832261e-01
617 9.831720e-01
618 9.831178e-01
619 9.830636e-01
620 9.830093e-01
621 9.829548e-01
622 9.829003e-01
623 9.828457e-01
624 9.827911e-01
625 9.827363e-01
626 9.826815e-01
627 9.826265e-01
628 9.825715e-01
629 9.825164e-01
630 9.824612e-01
631 9.824060e-01
632 9.823506e-01
633 9.822952e-01
634 9.822396e-01
635 9.821840e-01
636 9.821284e-01
637 9.820726e-01
638 9.820167e-01
639 9.819607e-01
640 9.819047e-01
641 9.818486e-01
642 9.817924e-01
643 9.817361e-01
644 9.816797e-01
645 9.816233e-01
646 9.815667e-01
647 9.815101e-01
648 9.814534e-01
649 9.813966e-01
650 9.813397e-01
651 9.812828e-01
652 9.812257e-01
653 9.811686e-01
654 9.811113e-01
655 9.810540e-01
656 9.809966e-01
657 9.809392e-01
658 9.808816e-01
659 9.808240e-01
660 9.807662e-01
661 9.807084e-01
662 9.806505e-01
663 9.805925e-01
664 9.805345e-01
665 9.804763e-01
666 9.804181e-01
667 9.803598e-01
668 9.803014e-01
669 9.802429e-01
670 9.801843e-01
671 9.801256e-01
672 9.800669e-01
673 9.800081e-01
674 9.799491e-01
675 9.798902e-01
676 9.798311e-01
677 9.797719e-01
678 9.797127e-01
679 9.796533e-01
680 9.795939e-01
681 9.795344e-01
682 9.794748e-01
683 9.794151e-01
684 9.793554e-01
685 9.792955e-01
686 9.792356e-01
687 9.791756e-01
688 9.791155e-01
689 9.790553e-01
690 9.789951e-01
691 9.789347e-01
692 9.788743e-01
693 9.788138e-01
694 9.787532e-01
695 9.786925e-01
696 9.786317e-01
697 9.785709e-01
698 9.785099e-01
699 9.784489e-01
700 9.783878e-01
701 9.783266e-01
702 9.782653e-01
703 9.782040e-01
704 9.781425e-01
705 9.780810e-01
706 9.780194e-01
707 9.779577e-01
708 9.778959e-01
709 9.778341e-01
710 9.777721e-01
711 9.777101e-01
712 9.776480e-01
713 9.775858e-01
714 9.775235e-01
715 9.774611e-01
716 9.773987e-01
717 9.773362e-01
718 9.772735e-01
719 9.772108e-01
720 9.771481e-01
721 9.770852e-01
722 9.770222e-01
723 9.769592e-01
724 9.768961e-01
725 9.768329e-01
726 9.767696e-01
727 9.767062e-01
728 9.766428e-01
729 9.765792e-01
730 9.765156e-01
731 9.764519e-01
732 9.763881e-01
733 9.763242e-01
734 9.762603e-01
735 9.761962e-01
736 9.761321e-01
737 9.760679e-01
738 9.760036e-01
739 9.759392e-01
740 9.758748e-01
741 9.758102e-01
742 9.757456e-01
743 9.756809e-01
744 9.756161e-01
745 9.755512e-01
746 9.754863e-01
747 9.754212e-01
748 9.753561e-01
749 9.752909e-01
750 9.752256e-01
751 9.751602e-01
752 9.750948e-01
753 9.750292e-01
754 9.749636e-01
755 9.748979e-01
756 9.748321e-01
757 9.747662e-01
758 9.747002e-01
759 9.746342e-01
760 9.745681e-01
761 9.745019e-01
762 9.744356e-01
763 9.743692e-01
764 9.743027e-01
765 9.742362e-01
766 9.741696e-01
767 9.741028e-01
768 9.740361e-01
769 9.739692e-01
770 9.739022e-01
771 9.738352e-01
772 9.737681e-01
773 9.737008e-01
774 9.736335e-01
775 9.735662e-01
776 9.734987e-01
777 9.734312e-01
778 9.733635e-01
779 9.732958e-01
780 9.732281e-01
781 9.731602e-01
782 9.730922e-01
783 9.730242e-01
784 9.729561e-01
785 9.728879e-01
786 9.728196e-01
787 9.727512e-01
788 9.726827e-01
789 9.726142e-01
790 9.725456e-01
791 9.724769e-01
792 9.724081e-01
793 9.723392e-01
794 9.722703e-01
795 9.722012e-01
796 9.721321e-01
797 9.720629e-01
798 9.719936e-01
799 9.719243e-01
800 9.718548e-01
801 9.717853e-01
802 9.717157e-01
803 9.716460e-01
804 9.715762e-01
805 9.715064e-01
806 9.714364e-01
807 9.713664e-01
808 9.712963e-01
809 9.712261e-01
810 9.711558e-01
811 9.710855e-01
812 9.710150e-01
813 9.709445e-01
814 9.708739e-01
815 9.708032e-01
816 9.707324e-01
817 9.706616e-01
818 9.705907e-01
819 9.705196e-01
820 9.704485e-01
821 9.703774e-01
822 9.703061e-01
823 9.702347e-01
824 9.701633e-01
825 9.700918e-01
826 9.700202e-01
827 9.699485e-01
828 9.698768e-01
829 9.698050e-01
830 9.697330e-01
831 9.696610e-01
832 9.695889e-01
833 9.695168e-01
834 9.694445e-01
835 9.693722e-01
836 9.692998e-01
837 9.692273e-01
838 9.691547e-01
839 9.690820e-01
840 9.690093e-01
841 9.689365e-01
842 9.688636e-01
843 9.687906e-01
844 9.687175e-01
845 9.686444e-01
846 9.685711e-01
847 9.684978e-01
848 9.684244e-01
849 9.683509e-01
850 9.682774e-01
851 9.682037e-01
852 9.681300e-01
853 9.680562e-01
854 9.679823e-01
855 9.679083e-01
856 9.678343e-01
857 9.677601e-01
858 9.676859e-01
859 9.676116e-01
860 9.675372e-01
861 9.674628e-01
862 9.673882e-01
863 9.673136e-01
864 9.672389e-01
865 9.671641e-01
866 9.670892e-01
867 9.670143e-01
868 9.669392e-01
869 9.668641e-01
870 9.667889e-01
871 9.667136e-01
872 9.666383e-01
873 9.665628e-01
874 9.664873e-01
875 9.664117e-01
876 9.663360e-01
877 9.662603e-01
878 9.661844e-01
879 9.661085e-01
880 9.660325e-01
881 9.659564e-01
882 9.658802e-01
883 9.658039e-01
884 9.657276e-01
885 9.656512e-01
886 9.655747e-01
887 9.654981e-01
888 9.654214e-01
889 9.653447e-01
890 9.652678e-01
891 9.651909e-01
892 9.651140e-01
893 9.650369e-01
894 9.649597e-01
895 9.648825e-01
896 9.648052e-01
897 9.647278e-01
898 9.646503e-01
899 9.645728e-01
900 9.644951e-01
901 9.644174e-01
902 9.643396e-01
903 9.642617e-01
904 9.641838e-01
905 9.641057e-01
906 9.640276e-01
907 9.639494e-01
908 9.638711e-01
909 9.637927e-01
910 9.637143e-01
911 9.636357e-01
912 9.635571e-01
913 9.634784e-01
914 9.633997e-01
915 9.633208e-01
916 9.632419e-01
917 9.631629e-01
918 9.630838e-01
919 9.630046e-01
920 9.629253e-01
921 9.628460e-01
922 9.627666e-01
923 9.626871e-01
924 9.626075e-01
925 9.625279e-01
926 9.624481e-01
927 9.623683e-01
928 9.622884e-01
929 9.622084e-01
930 9.621283e-01
931 9.620482e-01
932 9.619680e-01
933 9.618877e-01
934 9.618073e-01
935 9.617268e-01
936 9.616463e-01
937 9.615656e-01
938 9.614849e-01
939 9.614042e-01
940 9.613233e-01
941 9.612423e-01
942 9.611613e-01
943 9.610802e-01
944 9.609990e-01
945 9.609177e-01
946 9.608364e-01
947 9.607550e-01
948 9.606734e-01
949 9.605919e-01
950 9.605102e-01
951 9.604284e-01
952 9.603466e-01
953 9.602647e-01
954 9.601827e-01
955 9.601006e-01
956 9.600185e-01
957 9.599362e-01
958 9.598539e-01
959 9.597715e-01
960 9.596891e-01
961 9.596065e-01
962 9.595239e-01
963 9.594412e-01
964 9.593584e-01
965 9.592755e-01
966 9.591925e-01
967 9.591095e-01
968 9.590264e-01
969 9.589432e-01
970 9.588599e-01
971 9.587766e-01
972 9.586932e-01
973 9.586096e-01
974 9.585261e-01
975 9.584424e-01
976 9.583586e-01
977 9.582748e-01
978 9.581909e-01
979 9.581069e-01
980 9.580228e-01
981 9.579387e-01
982 9.578544e-01
983 9.577701e-01
984 9.576857e-01
985 9.576013e-01
986 9.575167e-01
987 9.574321e-01
988 9.573474e-01
989 9.572626e-01
990 9.571777e-01
991 9.570928e-01
992 9.570078e-01
993 9.569227e-01
994 9.568375e-01
995 9.567522e-01
996 9.566669e-01
997 9.565815e-01
998 9.564960e-01
999 9.564104e-01
1000 9.563247e-01
1001 9.562390e-01
1002 9.561532e-01
1003 9.560673e-01
1004 9.559813e-01
1005 9.558952e-01
1006 9.558091e-01
1007 9.557229e-01
1008 9.556366e-01
1009 9.555502e-01
1010 9.554638e-01
1011 9.553772e-01
1012 9.552906e-01
1013 9.552039e-01
1014 9.551172e-01
1015 9.550303e-01
1016 9.549434e-01
1017 9.548564e-01
1018 9.547693e-01
1019 9.546821e-01
1020 9.545949e-01
1021 9.545076e-01
1022 9.544202e-01
1023 9.543327e-01
1024 9.542451e-01
1025 9.541575e-01
1026 9.540698e-01
1027 9.539820e-01
1028 9.538941e-01
1029 9.538062e-01
1030 9.537181e-01
1031 9.536300e-01
1032 9.535418e-01
1033 9.534536e-01
1034 9.533652e-01
1035 9.532768e-01
1036 9.531883e-01
1037 9.530997e-01
1038 9.530111e-01
1039 9.529223e-01
1040 9.528335e-01
1041 9.527446e-01
1042 9.526556e-01
1043 9.525666e-01
1044 9.524774e-01
1045 9.523882e-01
1046 9.522989e-01
1047 9.522096e-01
1048 9.521201e-01
1049 9.520306e-01
1050 9.519410e-01
1051 9.518513e-01
1052 9.517616e-01
1053 9.516717e-01
1054 9.515818e-01
1055 9.514918e-01
1056 9.514017e-01
1057 9.513116e-01
1058 9.512214e-01
1059 9.511311e-01
1060 9.510407e-01
1061 9.509502e-01
1062 9.508597e-01
1063 9.507691e-01
1064 9.506784e-01
1065 9.505876e-01
1066 9.504967e-01
1067 9.504058e-01
1068 9.503148e-01
1069 9.502237e-01
1070 9.501325e-01
1071 9.500413e-01
1072 9.499500e-01
1073 9.498586e-01
1074 9.497671e-01
1075 9.496755e-01
1076 9.495839e-01
1077 9.494922e-01
1078 9.494004e-01
1079 9.493085e-01
1080 9.492166e-01
1081 9.491246e-01
1082 9.490325e-01
1083 9.489403e-01
1084 9.488481e-01
1085 9.487557e-01
1086 9.486633e-01
1087 9.485708e-01
1088 9.484782e-01
1089 9.483856e-01
1090 9.482929e-01
1091 9.482001e-01
1092 9.481072e-01
1093 9.480143e-01
1094 9.479212e-01
1095 9.478281e-01
1096 9.477349e-01
1097 9.476417e-01
1098 9.475483e-01
1099 9.474549e-01
1100 9.473614e-01
1101 9.472678e-01
1102 9.471742e-01
1103 9.470805e-01
1104 9.469867e-01
1105 9.468928e-01
1106 9.467988e-01
1107 9.467048e-01
1108 9.466107e-01
1109 9.465165e-01
1110 9.464222e-01
1111 9.463279e-01
1112 9.462334e-01
1113 9.461389e-01
1114 9.460444e-01
1115 9.459497e-01
1116 9.458550e-01
1117 9.457602e-01
1118 9.456653e-01
1119 9.455703e-01
1120 9.454753e-01
1121 9.453802e-01
1122 9.452850e-01
1123 9.451897e-01
1124 9.450944e-01
1125 9.449989e-01
1126 9.449034e-01
1127 9.448079e-01
1128 9.447122e-01
1129 9.446165e-01
1130 9.445207e-01
1131 9.444248e-01
1132 9.443288e-01
1133 9.442328e-01
1134 9.441367e-01
1135 9.440405e-01
1136 9.439442e-01
1137 9.438479e-01
1138 9.437514e-01
1139 9.436549e-01
1140 9.435584e-01
1141 9.434617e-01
1142 9.433650e-01
1143 9.432682e-01
1144 9.431713e-01
1145 9.430743e-01
1146 9.429773e-01
1147 9.428802e-01
1148 9.427830e-01
1149 9.426858e-01
1150 9.425884e-01
1151 9.424910e-01
1152 9.423935e-01
1153 9.422959e-01
1154 9.421983e-01
1155 9.421006e-01
1156 9.420028e-01
1157 9.419049e-01
1158 9.418070e-01
1159 9.417089e-01
1160 9.416108e-01
1161 9.415127e-01
1162 9.414144e-01
1163 9.413161e-01
1164 9.412177e-01
1165 9.411192e-01
1166 9.410206e-01
1167 9.409220e-01
1168 9.408233e-01
1169 9.407245e-01
1170 9.406256e-01
1171 9.405267e-01
1172 9.404277e-01
1173 9.403286e-01
1174 9.402294e-01
1175 9.401302e-01
1176 9.400309e-01
1177 9.399315e-01
1178 9.398320e-01
1179 9.397325e-01
1180 9.396329e-01
1181 9.395332e-01
1182 9.394334e-01
1183 9.393335e-01
1184 9.392336e-01
1185 9.391336e-01
1186 9.390336e-01
1187 9.389334e-01
1188 9.388332e-01
1189 9.387329e-01
1190 9.386325e-01
1191 9.385321e-01
1192 9.384315e-01
1193 9.383309e-01
1194 9.382302e-01
1195 9.381295e-01
1196 9.380287e-01
1197 9.379278e-01
1198 9.378268e-01
1199 9.377257e-01
1200 9.376246e-01
1201 9.375234e-01
1202 9.374221e-01
1203 9.373208e-01
1204 9.372193e-01
1205 9.371178e-01
1206 9.370162e-01
1207 9.369146e-01
1208 9.368129e-01
1209 9.367111e-01
1210 9.366092e-01
1211 9.365072e-01
1212 9.364052e-01
1213 9.363031e-01
1214 9.362009e-01
1215 9.360986e-01
1216 9.359963e-01
1217 9.358939e-01
1218 9.357914e-01
1219 9.356889e-01
1220 9.355862e-01
1221 9.354835e-01
1222 9.353808e-01
1223 9.352779e-01
1224 9.351750e-01
1225 9.350720e-01
1226 9.349689e-01
1227 9.348657e-01
1228 9.347625e-01
1229 9.346592e-01
1230 9.345558e-01
1231 9.344524e-01
1232 9.343488e-01
1233 9.342452e-01
1234 9.341416e-01
1235 9.340378e-01
1236 9.339340e-01
1237 9.338301e-01
1238 9.337261e-01
1239 9.336221e-01
1240 9.335179e-01
1241 9.334137e-01
1242 9.333095e-01
1243 9.332051e-01
1244 9.331007e-01
1245 9.329962e-01
1246 9.328916e-01
1247 9.327870e-01
1248 9.326823e-01
1249 9.325775e-01
1250 9.324726e-01
1251 9.323677e-01
1252 9.322627e-01
1253 9.321576e-01
1254 9.320524e-01
1255 9.319472e-01
1256 9.318419e-01
1257 9.317365e-01
1258 9.316310e-01
1259 9.315255e-01
1260 9.314199e-01
1261 9.313142e-01
1262 9.312085e-01
1263 9.311026e-01
1264 9.309967e-01
1265 9.308908e-01
1266 9.307847e-01
1267 9.306786e-01
1268 9.305724e-01
1269 9.304661e-01
1270 9.303598e-01
1271 9.302534e-01
1272 9.301469e-01
1273 9.300403e-01
1274 9.299337e-01
1275 9.298269e-01
1276 9.297202e-01
1277 9.296133e-01
1278 9.295064e-01
1279 9.293994e-01
1280 9.292923e-01
1281 9.291851e-01
1282 9.290779e-01
1283 9.289706e-01
1284 9.288632e-01
1285 9.287558e-01
1286 9.286482e-01
1287 9.285407e-01
1288 9.284330e-01
1289 9.283252e-01
1290 9.282174e-01
1291 9.281095e-01
1292 9.280016e-01
1293 9.278935e-01
1294 9.277854e-01
1295 9.276773e-01
1296 9.275690e-01
1297 9.274607e-01
1298 9.273523e-01
1299 9.272438e-01
1300 9.271353e-01
1301 9.270266e-01
1302 9.269180e-01
1303 9.268092e-01
1304 9.267003e-01
1305 9.265914e-01
1306 9.264825e-01
1307 9.263734e-01
1308 9.262643e-01
1309 9.261551e-01
1310 9.260458e-01
1311 9.259364e-01
1312 9.258270e-01
1313 9.257175e-01
1314 9.256080e-01
1315 9.254983e-01
1316 9.253886e-01
1317 9.252788e-01
1318 9.251690e-01
1319 9.250590e-01
1320 9.249490e-01
1321 9.248390e-01
1322 9.247288e-01
1323 9.246186e-01
1324 9.245083e-01
1325 9.243980e-01
1326 9.242875e-01
1327 9.241770e-01
1328 9.240664e-01
1329 9.239558e-01
1330 9.238450e-01
1331 9.237342e-01
1332 9.236234e-01
1333 9.235124e-01
1334 9.234014e-01
1335 9.232903e-01
1336 9.231792e-01
1337 9.230679e-01
1338 9.229566e-01
1339 9.228453e-01
1340 9.227338e-01
1341 9.226223e-01
1342 9.225107e-01
1343 9.223990e-01
1344 9.222873e-01
1345 9.221755e-01
1346 9.220636e-01
1347 9.219517e-01
1348 9.218396e-01
1349 9.217275e-01
1350 9.216154e-01
1351 9.215031e-01
1352 9.213908e-01
1353 9.212784e-01
1354 9.211660e-01
1355 9.210535e-01
1356 9.209409e-01
1357 9.208282e-01
1358 9.207154e-01
1359 9.206026e-01
1360 9.204897e-01
1361 9.203768e-01
1362 9.202638e-01
1363 9.201507e-01
1364 9.200375e-01
1365 9.199242e-01
1366 9.198109e-01
1367 9.196975e-01
1368 9.195841e-01
1369 9.194706e-01
1370 9.193570e-01
1371 9.192433e-01
1372 9.191295e-01
1373 9.190157e-01
1374 9.189018e-01
1375 9.187879e-01
1376 9.186739e-01
1377 9.185598e-01
1378 9.184456e-01
1379 9.183314e-01
1380 9.182170e-01
1381 9.181027e-01
1382 9.179882e-01
1383 9.178737e-01
1384 9.177591e-01
1385 9.176444e-01
1386 9.175297e-01
1387 9.174149e-01
1388 9.173000e-01
1389 9.171850e-01
1390 9.170700e-01
1391 9.169549e-01
1392 9.168397e-01
1393 9.167245e-01
1394 9.166092e-01
1395 9.164938e-01
1396 9.163784e-01
1397 9.162629e-01
1398 9.161473e-01
1399 9.160316e-01
1400 9.159159e-01
1401 9.158001e-01
1402 9.156842e-01
1403 9.155683e-01
1404 9.154523e-01
1405 9.153362e-01
1406 9.152200e-01
1407 9.151038e-01
1408 9.149875e-01
1409 9.148711e-01
1410 9.147547e-01
1411 9.146382e-01
1412 9.145216e-01
1413 9.144050e-01
1414 9.142883e-01
1415 9.141715e-01
1416 9.140546e-01
1417 9.139377e-01
1418 9.138207e-01
1419 9.137036e-01
1420 9.135865e-01
1421 9.134693e-01
1422 9.133520e-01
1423 9.132347e-01
1424 9.131172e-01
1425 9.129997e-01
1426 9.128822e-01
1427 9.127646e-01
1428 9.126469e-01
1429 9.125291e-01
1430 9.124113e-01
1431 9.122933e-01
1432 9.121754e-01
1433 9.120573e-01
1434 9.119392e-01
1435 9.118210e-01
1436 9.117028e-01
1437 9.115844e-01
1438 9.114660e-01
1439 9.113476e-01
1440 9.112290e-01
1441 9.111104e-01
1442 9.109918e-01
1443 9.108730e-01
1444 9.107542e-01
1445 9.106353e-01
1446 9.105164e-01
1447 9.103973e-01
1448 9.102782e-01
1449 9.101591e-01
1450 9.100399e-01
1451 9.099206e-01
1452 9.098012e-01
1453 9.096817e-01
1454 9.095622e-01
1455 9.094427e-01
1456 9.093230e-01
1457 9.092033e-01
1458 9.090835e-01
1459 9.089637e-01
1460 9.088437e-01
1461 9.087237e-01
1462 9.086037e-01
1463 9.084835e-01
1464 9.083633e-01
1465 9.082431e-01
1466 9.081227e-01
1467 9.080023e-01
1468 9.078819e-01
1469 9.077613e-01
1470 9.076407e-01
1471 9.075200e-01
1472 9.073993e-01
1473 9.072784e-01
1474 9.071576e-01
1475 9.070366e-01
1476 9.069156e-01
1477 9.067945e-01
1478 9.066733e-01
1479 9.065521e-01
1480 9.064308e-01
1481 9.063094e-01
1482 9.061880e-01
1483 9.060665e-01
1484 9.059449e-01
1485 9.058233e-01
1486 9.057015e-01
1487 9.055798e-01
1488 9.054579e-01
1489 9.053360e-01
1490 9.052140e-01
1491 9.050920e-01
1492 9.049698e-01
1493 9.048476e-01
1494 9.047254e-01
1495 9.046030e-01
1496 9.044807e-01
1497 9.043582e-01
1498 9.042357e-01
1499 9.041131e-01
1500 9.039904e-01
1501 9.038677e-01
1502 9.037448e-01
1503 9.036220e-01
1504 9.034990e-01
1505 9.033760e-01
1506 9.032529e-01
1507 9.031298e-01
1508 9.030066e-01
1509 9.028833e-01
1510 9.027600e-01
1511 9.026365e-01
1512 9.025131e-01
1513 9.023895e-01
1514 9.022659e-01
1515 9.021422e-01
1516 9.020185e-01
1517 9.018946e-01
1518 9.017707e-01
1519 9.016468e-01
1520 9.015228e-01
1521 9.013987e-01
1522 9.012745e-01
1523 9.011503e-01
1524 9.010260e-01
1525 9.009016e-01
1526 9.007772e-01
1527 9.006527e-01
1528 9.005281e-01
1529 9.004035e-01
1530 9.002788e-01
1531 9.001540e-01
1532 9.000292e-01
1533 8.999043e-01
1534 8.997793e-01
1535 8.996543e-01
1536 8.995292e-01
1537 8.994040e-01
1538 8.992788e-01
1539 8.991535e-01
1540 8.990281e-01
1541 8.989027e-01
1542 8.987771e-01
1543 8.986516e-01
1544 8.985259e-01
1545 8.984002e-01
1546 8.982745e-01
1547 8.981486e-01
1548 8.980227e-01
1549 8.978967e-01
1550 8.977707e-01
1551 8.976446e-01
1552 8.975184e-01
1553 8.973922e-01
1554 8.972659e-01
1555 8.971395e-01
1556 8.970130e-01
1557 8.968865e-01
1558 8.967600e-01
1559 8.966333e-01
1560 8.965066e-01
1561 8.963798e-01
1562 8.962530e-01
1563 8.961261e-01
1564 8.959991e-01
1565 8.958721e-01
1566 8.957450e-01
1567 8.956178e-01
1568 8.954906e-01
1569 8.953632e-01
1570 8.952359e-01
1571 8.951084e-01
1572 8.949809e-01
1573 8.948534e-01
1574 8.947257e-01
1575 8.945980e-01
1576 8.944703e-01
1577 8.943424e-01
1578 8.942145e-01
1579 8.940866e-01
1580 8.939585e-01
1581 8.938304e-01
1582 8.937023e-01
1583 8.935740e-01
1584 8.934457e-01
1585 8.933174e-01
1586 8.931889e-01
1587 8.930604e-01
1588 8.929319e-01
1589 8.928033e-01
1590 8.926746e-01
1591 8.925458e-01
1592 8.924170e-01
1593 8.922881e-01
1594 8.921591e-01
1595 8.920301e-01
1596 8.919010e-01
1597 8.917719e-01
1598 8.916427e-01
1599 8.915134e-01
1600 8.913840e-01
1601 8.912546e-01
1602 8.911251e-01
1603 8.909956e-01
1604 8.908660e-01
1605 8.907363e-01
1606 8.906066e-01
1607 8.904768e-01
1608 8.903469e-01
1609 8.902170e-01
1610 8.900870e-01
1611 8.899569e-01
1612 8.898268e-01
1613 8.896966e-01
1614 8.895663e-01
1615 8.894360e-01
1616 8.893056e-01
1617 8.891751e-01
1618 8.890446e-01
1619 8.889140e-01
1620 8.887834e-01
1621 8.886527e-01
1622 8.885219e-01
1623 8.883910e-01
1624 8.882601e-01
1625 8.881291e-01
1626 8.879981e-01
1627 8.878670e-01
1628 8.877358e-01
1629 8.876046e-01
1630 8.874733e-01
1631 8.873419e-01
1632 8.872105e-01
1633 8.870790e-01
1634 8.869475e-01
1635 8.868158e-01
1636 8.866842e-01
1637 8.865524e-01
1638 8.864206e-01
1639 8.862887e-01
1640 8.861568e-01
1641 8.860248e-01
1642 8.858927e-01
1643 8.857605e-01
1644 8.856283e-01
1645 8.854961e-01
1646 8.853637e-01
1647 8.852314e-01
1648 8.850989e-01
1649 8.849664e-01
1650 8.848338e-01
1651 8.847011e-01
1652 8.845684e-01
1653 8.844356e-01
1654 8.843028e-01
1655 8.841699e-01
1656 8.840369e-01
1657 8.839039e-01
1658 8.837708e-01
1659 8.836376e-01
1660 8.835044e-01
1661 8.833711e-01
1662 8.832378e-01
1663 8.831043e-01
1664 8.829709e-01
1665 8.828373e-01
1666 8.827037e-01
1667 8.825700e-01
1668 8.824363e-01
1669 8.823025e-01
1670 8.821686e-01
1671 8.820347e-01
1672 8.819007e-01
1673 8.817667e-01
1674 8.816326e-01
1675 8.814984e-01
1676 8.813641e-01
1677 8.812298e-01
1678 8.810955e-01
1679 8.809610e-01
1680 8.808265e-01
1681 8.806920e-01
1682 8.805573e-01
1683 8.804227e-01
1684 8.802879e-01
1685 8.801531e-01
1686 8.800182e-01
1687 8.798833e-01
1688 8.797483e-01
1689 8.796132e-01
1690 8.794781e-01
1691 8.793429e-01
1692 8.792077e-01
1693 8.790723e-01
1694 8.789370e-01
1695 8.788015e-01
1696 8.786660e-01
1697 8.785304e-01
1698 8.783948e-01
1699 8.782591e-01
1700 8.781234e-01
1701 8.779875e-01
1702 8.778517e-01
1703 8.777157e-01
1704 8.775797e-01
1705 8.774436e-01
1706 8.773075e-01
1707 8.771713e-01
1708 8.770351e-01
1709 8.768987e-01
1710 8.767624e-01
1711 8.766259e-01
1712 8.764894e-01
1713 8.763528e-01
1714 8.762162e-01
1715 8.760795e-01
1716 8.759428e-01
1717 8.758060e-01
1718 8.756691e-01
1719 8.755321e-01
1720 8.753951e-01
1721 8.752581e-01
1722 8.751209e-01
1723 8.749837e-01
1724 8.748465e-01
1725 8.747092e-01
1726 8.745718e-01
1727 8.744344e-01
1728 8.742969e-01
1729 8.741593e-01
1730 8.740217e-01
1731 8.738840e-01
1732 8.737463e-01
1733 8.736084e-01
1734 8.734706e-01
1735 8.733326e-01
1736 8.731946e-01
1737 8.730566e-01
1738 8.729185e-01
1739 8.727803e-01
1740 8.726421e-01
1741 8.725038e-01
1742 8.723654e-01
1743 8.722270e-01
1744 8.720885e-01
1745 8.719499e-01
1746 8.718113e-01
1747 8.716727e-01
1748 8.715339e-01
1749 8.713951e-01
1750 8.712563e-01
1751 8.711174e-01
1752 8.709784e-01
1753 8.708393e-01
1754 8.707002e-01
1755 8.705611e-01
1756 8.704219e-01
1757 8.702826e-01
1758 8.701432e-01
1759 8.700038e-01
1760 8.698644e-01
1761 8.697248e-01
1762 8.695853e-01
1763 8.694456e-01
1764 8.693059e-01
1765 8.691661e-01
1766 8.690263e-01
1767 8.688864e-01
1768 8.687465e-01
1769 8.686064e-01
1770 8.684664e-01
1771 8.683262e-01
1772 8.681860e-01
1773 8.680458e-01
1774 8.679055e-01
1775 8.677651e-01
1776 8.676247e-01
1777 8.674842e-01
1778 8.673436e-01
1779 8.672030e-01
1780 8.670623e-01
1781 8.669216e-01
1782 8.667808e-01
1783 8.666399e-01
1784 8.664990e-01
1785 8.663580e-01
1786 8.662170e-01
1787 8.660759e-01
1788 8.659347e-01
1789 8.657935e-01
1790 8.656522e-01
1791 8.655109e-01
1792 8.653695e-01
1793 8.652280e-01
1794 8.650865e-01
1795 8.649449e-01
1796 8.648033e-01
1797 8.646616e-01
1798 8.645198e-01
1799 8.643780e-01
1800 8.642361e-01
1801 8.640942e-01
1802 8.639522e-01
1803 8.638101e-01
1804 8.636680e-01
1805 8.635258e-01
1806 8.633836e-01
1807 8.632413e-01
1808 8.630989e-01
1809 8.629565e-01
1810 8.628140e-01
1811 8.626715e-01
1812 8.625289e-01
1813 8.623862e-01
1814 8.622435e-01
1815 8.621007e-01
1816 8.619579e-01
1817 8.618150e-01
1818 8.616720e-01
1819 8.615290e-01
1820 8.613860e-01
1821 8.612428e-01
1822 8.610996e-01
1823 8.609564e-01
1824 8.608131e-01
1825 8.606697e-01
1826 8.605263e-01
1827 8.603828e-01
1828 8.602393e-01
1829 8.600957e-01
1830 8.599520e-01
1831 8.598083e-01
1832 8.596645e-01
1833 8.595207e-01
1834 8.593768e-01
1835 8.592328e-01
1836 8.590888e-01
1837 8.589447e-01
1838 8.588006e-01
1839 8.586564e-01
1840 8.585122e-01
1841 8.583678e-01
1842 8.582235e-01
1843 8.580791e-01
1844 8.579346e-01
1845 8.577900e-01
1846 8.576454e-01
1847 8.575008e-01
1848 8.573561e-01
1849 8.572113e-01
1850 8.570664e-01
1851 8.569216e-01
1852 8.567766e-01
1853 8.566316e-01
1854 8.564865e-01
1855 8.563414e-01
1856 8.561962e-01
1857 8.560510e-01
1858 8.559057e-01
1859 8.557603e-01
1860 8.556149e-01
1861 8.554694e-01
1862 8.553239e-01
1863 8.551783e-01
1864 8.550327e-01
1865 8.548870e-01
1866 8.547412e-01
1867 8.545954e-01
1868 8.544495e-01
1869 8.543036e-01
1870 8.541576e-01
1871 8.540115e-01
1872 8.538654e-01
1873 8.537192e-01
1874 8.535730e-01
1875 8.534267e-01
1876 8.532804e-01
1877 8.531340e-01
1878 8.529875e-01
1879 8.528410e-01
1880 8.526944e-01
1881 8.525478e-01
1882 8.524011e-01
1883 8.522544e-01
1884 8.521076e-01
1885 8.519607e-01
1886 8.518138e-01
1887 8.516669e-01
1888 8.515198e-01
1889 8.513727e-01
1890 8.512256e-01
1891 8.510784e-01
1892 8.509311e-01
1893 8.507838e-01
1894 8.506365e-01
1895 8.504890e-01
1896 8.503415e-01
1897 8.501940e-01
1898 8.500464e-01
1899 8.498987e-01
1900 8.497510e-01
1901 8.496033e-01
1902 8.494554e-01
1903 8.493076e-01
1904 8.491596e-01
1905 8.490116e-01
1906 8.488636e-01
1907 8.487155e-01
1908 8.485673e-01
1909 8.484191e-01
1910 8.482708e-01
1911 8.481225e-01
1912 8.479741e-01
1913 8.478256e-01
1914 8.476771e-01
1915 8.475285e-01
1916 8.473799e-01
1917 8.472313e-01
1918 8.470825e-01
1919 8.469337e-01
1920 8.467849e-01
1921 8.466360e-01
1922 8.464870e-01
1923 8.463380e-01
1924 8.461890e-01
1925 8.460398e-01
1926 8.458907e-01
1927 8.457414e-01
1928 8.455921e-01
1929 8.454428e-01
1930 8.452934e-01
1931 8.451439e-01
1932 8.449944e-01
1933 8.448448e-01
1934 8.446952e-01
1935 8.445455e-01
1936 8.443958e-01
1937 8.442460e-01
1938 8.440961e-01
1939 8.439462e-01
1940 8.437963e-01
1941 8.436463e-01
1942 8.434962e-01
1943 8.433461e-01
1944 8.431959e-01
1945 8.430456e-01
1946 8.428953e-01
1947 8.427450e-01
1948 8.425946e-01
1949 8.424441e-01
1950 8.422936e-01
1951 8.421430e-01
1952 8.419924e-01
1953 8.418417e-01
1954 8.416910e-01
1955 8.415402e-01
1956 8.413894e-01
1957 8.412385e-01
1958 8.410875e-01
1959 8.409365e-01
1960 8.407854e-01
1961 8.406343e-01
1962 8.404831e-01
1963 8.403319e-01
1964 8.401806e-01
1965 8.400293e-01
1966 8.398779e-01
1967 8.397264e-01
1968 8.395749e-01
1969 8.394234e-01
1970 8.392717e-01
1971 8.391201e-01
1972 8.389683e-01
1973 8.388166e-01
1974 8.386647e-01
1975 8.385128e-01
1976 8.383609e-01
1977 8.382089e-01
1978 8.380569e-01
1979 8.379047e-01
1980 8.377526e-01
1981 8.376004e-01
1982 8.374481e-01
1983 8.372958e-01
1984 8.371434e-01
1985 8.369910e-01
1986 8.368385e-01
1987 8.366859e-01
1988 8.365333e-01
1989 8.363807e-01
1990 8.362280e-01
1991 8.360752e-01
1992 8.359224e-01
1993 8.357696e-01
1994 8.356166e-01
1995 8.354637e-01
1996 8.353106e-01
1997 8.351576e-01
1998 8.350044e-01
1999 8.348512e-01
2000 8.346980e-01
2001 8.345447e-01
2002 8.343914e-01
2003 8.342380e-01
2004 8.340845e-01
2005 8.339310e-01
2006 8.337774e-01
2007 8.336238e-01
2008 8.334701e-01
2009 8.333164e-01
2010 8.331626e-01
2011 8.330088e-01
2012 8.328549e-01
2013 8.327010e-01
2014 8.325470e-01
2015 8.323930e-01
2016 8.322389e-01
2017 8.320847e-01
2018 8.319305e-01
2019 8.317762e-01
2020 8.316219e-01
2021 8.314676e-01
2022 8.313132e-01
2023 8.311587e-01
2024 8.310042e-01
2025 8.308496e-01
2026 8.306950e-01
2027 8.305403e-01
2028 8.303855e-01
2029 8.302308e-01
2030 8.300759e-01
2031 8.299210e-01
2032 8.297661e-01
2033 8.296111e-01
2034 8.294560e-01
2035 8.293009e-01
2036 8.291458e-01
2037 8.289906e-01
2038 8.288353e-01
2039 8.286800e-01
2040 8.285246e-01
2041 8.283692e-01
2042 8.282137e-01
2043 8.280582e-01
2044 8.279026e-01
2045 8.277470e-01
2046 8.275913e-01
2047 8.274356e-01
2048 8.272798e-01
2049 8.271240e-01
2050 8.269681e-01
2051 8.268121e-01
2052 8.266561e-01
2053 8.265001e-01
2054 8.263440e-01
2055 8.261878e-01
2056 8.260316e-01
2057 8.258754e-01
2058 8.257191e-01
2059 8.255627e-01
2060 8.254063e-01
2061 8.252499e-01
2062 8.250933e-01
2063 8.249368e-01
2064 8.247802e-01
2065 8.246235e-01
2066 8.244668e-01
2067 8.243100e-01
2068 8.241532e-01
2069 8.239963e-01
2070 8.238394e-01
2071 8.236824e-01
2072 8.235254e-01
2073 8.233683e-01
2074 8.232111e-01
2075 8.230540e-01
2076 8.228967e-01
2077 8.227394e-01
2078 8.225821e-01
2079 8.224247e-01
2080 8.222673e-01
2081 8.221098e-01
2082 8.219522e-01
2083 8.217946e-01
2084 8.216370e-01
2085 8.214793e-01
2086 8.213215e-01
2087 8.211637e-01
2088 8.210059e-01
2089 8.208480e-01
2090 8.206900e-01
2091 8.205320e-01
2092 8.203740e-01
2093 8.202159e-01
2094 8.200577e-01
2095 8.198995e-01
2096 8.197413e-01
2097 8.195830e-01
2098 8.194246e-01
2099 8.192662e-01
2100 8.191077e-01
2101 8.189492e-01
2102 8.187907e-01
2103 8.186321e-01
2104 8.184734e-01
2105 8.183147e-01
2106 8.181559e-01
2107 8.179971e-01
2108 8.178382e-01
2109 8.176793e-01
2110 8.175204e-01
2111 8.173614e-01
2112 8.172023e-01
2113 8.170432e-01
2114 8.168840e-01
2115 8.167248e-01
2116 8.165655e-01
2117 8.164062e-01
2118 8.162469e-01
2119 8.160874e-01
2120 8.159280e-01
2121 8.157685e-01
2122 8.156089e-01
2123 8.154493e-01
2124 8.152896e-01
2125 8.151299e-01
2126 8.149701e-01
2127 8.148103e-01
2128 8.146505e-01
2129 8.144906e-01
2130 8.143306e-01
2131 8.141706e-01
2132 8.140105e-01
2133 8.138504e-01
2134 8.136902e-01
2135 8.135300e-01
2136 8.133698e-01
2137 8.132095e-01
2138 8.130491e-01
2139 8.128887e-01
2140 8.127282e-01
2141 8.125677e-01
2142 8.124072e-01
2143 8.122466e-01
2144 8.120859e-01
2145 8.119252e-01
2146 8.117645e-01
2147 8.116037e-01
2148 8.114428e-01
2149 8.112819e-01
2150 8.111210e-01
2151 8.109600e-01
2152 8.107989e-01
2153 8.106378e-01
2154 8.104767e-01
2155 8.103155e-01
2156 8.101543e-01
2157 8.099930e-01
2158 8.098316e-01
2159 8.096702e-01
2160 8.095088e-01
2161 8.093473e-01
2162 8.091858e-01
2163 8.090242e-01
2164 8.088626e-01
2165 8.087009e-01
2166 8.085392e-01
2167 8.083774e-01
2168 8.082156e-01
2169 8.080537e-01
2170 8.078918e-01
2171 8.077298e-01
2172 8.075678e-01
2173 8.074057e-01
2174 8.072436e-01
2175 8.070814e-01
2176 8.069192e-01
2177 8.067570e-01
2178 8.065946e-01
2179 8.064323e-01
2180 8.062699e-01
2181 8.061074e-01
2182 8.059449e-01
2183 8.057824e-01
2184 8.056198e-01
2185 8.054572e-01
2186 8.052945e-01
2187 8.051317e-01
2188 8.049689e-01
2189 8.048061e-01
2190 8.046432e-01
2191 8.044803e-01
2192 8.043173e-01
2193 8.041543e-01
2194 8.039912e-01
2195 8.038281e-01
2196 8.036649e-01
2197 8.035017e-01
2198 8.033384e-01
2199 8.031751e-01
2200 8.030118e-01
2201 8.028484e-01
2202 8.026849e-01
2203 8.025214e-01
2204 8.023579e-01
2205 8.021943e-01
2206 8.020306e-01
2207 8.018670e-01
2208 8.017032e-01
2209 8.015394e-01
2210 8.013756e-01
2211 8.012117e-01
2212 8.010478e-01
2213 8.008838e-01
2214 8.007198e-01
2215 8.005558e-01
2216 8.003916e-01
2217 8.002275e-01
2218 8.000633e-01
2219 7.998990e-01
2220 7.997347e-01
2221 7.995704e-01
2222 7.994060e-01
2223 7.992416e-01
2224 7.990771e-01
2225 7.989125e-01
2226 7.987480e-01
2227 7.985833e-01
2228 7.984187e-01
2229 7.982540e-01
2230 7.980892e-01
2231 7.979244e-01
2232 7.977595e-01
2233 7.975946e-01
2234 7.974297e-01
2235 7.972647e-01
2236 7.970996e-01
2237 7.969346e-01
2238 7.967694e-01
2239 7.966042e-01
2240 7.964390e-01
2241 7.962737e-01
2242 7.961084e-01
2243 7.959431e-01
2244 7.957776e-01
2245 7.956122e-01
2246 7.954467e-01
2247 7.952811e-01
2248 7.951156e-01
2249 7.949499e-01
2250 7.947842e-01
2251 7.946185e-01
2252 7.944527e-01
2253 7.942869e-01
2254 7.941210e-01
2255 7.939551e-01
2256 7.937892e-01
2257 7.936232e-01
2258 7.934571e-01
2259 7.932910e-01
2260 7.931249e-01
2261 7.929587e-01
2262 7.927925e-01
2263 7.926262e-01
2264 7.924599e-01
2265 7.922935e-01
2266 7.921271e-01
2267 7.919606e-01
2268 7.917941e-01
2269 7.916276e-01
2270 7.914610e-01
2271 7.912943e-01
2272 7.911277e-01
2273 7.909609e-01
2274 7.907942e-01
2275 7.906273e-01
2276 7.904605e-01
2277 7.902936e-01
2278 7.901266e-01
2279 7.899596e-01
2280 7.897926e-01
2281 7.896255e-01
2282 7.894584e-01
2283 7.892912e-01
2284 7.891240e-01
2285 7.889567e-01
2286 7.887894e-01
2287 7.886220e-01
2288 7.884546e-01
2289 7.882872e-01
2290 7.881197e-01
2291 7.879522e-01
2292 7.877846e-01
2293 7.876170e-01
2294 7.874493e-01
2295 7.872816e-01
2296 7.871139e-01
2297 7.869461e-01
2298 7.867782e-01
2299 7.866103e-01
2300 7.864424e-01
2301 7.862744e-01
2302 7.861064e-01
2303 7.859384e-01
2304 7.857702e-01
2305 7.856021e-01
2306 7.854339e-01
2307 7.852657e-01
2308 7.850974e-01
2309 7.849291e-01
2310 7.847607e-01
2311 7.845923e-01
2312 7.844238e-01
2313 7.842553e-01
2314 7.840868e-01
2315 7.839182e-01
2316 7.837496e-01
2317 7.835809e-01
2318 7.834122e-01
2319 7.832434e-01
2320 7.830746e-01
2321 7.829058e-01
2322 7.827369e-01
2323 7.825679e-01
2324 7.823990e-01
2325 7.822299e-01
2326 7.820609e-01
2327 7.818918e-01
2328 7.817226e-01
2329 7.815534e-01
2330 7.813842e-01
2331 7.812149e-01
2332 7.810456e-01
2333 7.808762e-01
2334 7.807068e-01
2335 7.805374e-01
2336 7.803679e-01
2337 7.801983e-01
2338 7.800287e-01
2339 7.798591e-01
2340 7.796895e-01
2341 7.795197e-01
2342 7.793500e-01
2343 7.791802e-01
2344 7.790104e-01
2345 7.788405e-01
2346 7.786706e-01
2347 7.785006e-01
2348 7.783306e-01
2349 7.781605e-01
2350 7.779904e-01
2351 7.778203e-01
2352 7.776501e-01
2353 7.774799e-01
2354 7.773097e-01
2355 7.771394e-01
2356 7.769690e-01
2357 7.767986e-01
2358 7.766282e-01
2359 7.764577e-01
2360 7.762872e-01
2361 7.761166e-01
2362 7.759461e-01
2363 7.757754e-01
2364 7.756047e-01
2365 7.754340e-01
2366 7.752632e-01
2367 7.750924e-01
2368 7.749216e-01
2369 7.747507e-01
2370 7.745798e-01
2371 7.744088e-01
2372 7.742378e-01
2373 7.740667e-01
2374 7.738956e-01
2375 7.737245e-01
2376 7.735533e-01
2377 7.733821e-01
2378 7.732108e-01
2379 7.730395e-01
2380 7.728681e-01
2381 7.726967e-01
2382 7.725253e-01
2383 7.723538e-01
2384 7.721823e-01
2385 7.720108e-01
2386 7.718392e-01
2387 7.716675e-01
2388 7.714959e-01
2389 7.713241e-01
2390 7.711524e-01
2391 7.709806e-01
2392 7.708087e-01
2393 7.706368e-01
2394 7.704649e-01
2395 7.702930e-01
2396 7.701210e-01
2397 7.699489e-01
2398 7.697768e-01
2399 7.696047e-01
2400 7.694325e-01
2401 7.692603e-01
2402 7.690881e-01
2403 7.689158e-01
2404 7.687434e-01
2405 7.685711e-01
2406 7.683986e-01
2407 7.682262e-01
2408 7.680537e-01
2409 7.678812e-01
2410 7.677086e-01
2411 7.675360e-01
2412 7.673633e-01
2413 7.671906e-01
2414 7.670179e-01
2415 7.668451e-01
2416 7.666723e-01
2417 7.664994e-01
2418 7.663265e-01
2419 7.661536e-01
2420 7.659806e-01
2421 7.658076e-01
2422 7.656345e-01
2423 7.654614e-01
2424 7.652883e-01
2425 7.651151e-01
2426 7.649419e-01
2427 7.647686e-01
2428 7.645953e-01
2429 7.644220e-01
2430 7.642486e-01
2431 7.640752e-01
2432 7.639018e-01
2433 7.637283e-01
2434 7.635547e-01
2435 7.633812e-01
2436 7.632075e-01
2437 7.630339e-01
2438 7.628602e-01
2439 7.626865e-01
2440 7.625127e-01
2441 7.623389e-01
2442 7.621650e-01
2443 7.619911e-01
2444 7.618172e-01
2445 7.616432e-01
2446 7.614692e-01
2447 7.612952e-01
2448 7.611211e-01
2449 7.609470e-01
2450 7.607728e-01
2451 7.605986e-01
2452 7.604244e-01
2453 7.602501e-01
2454 7.600758e-01
2455 7.599014e-01
2456 7.597270e-01
2457 7.595526e-01
2458 7.593781e-01
2459 7.592036e-01
2460 7.590290e-01
2461 7.588544e-01
2462 7.586798e-01
2463 7.585051e-01
2464 7.583304e-01
2465 7.581557e-01
2466 7.579809e-01
2467 7.578061e-01
2468 7.576312e-01
2469 7.574563e-01
2470 7.572814e-01
2471 7.571064e-01
2472 7.569314e-01
2473 7.567563e-01
2474 7.565812e-01
2475 7.564061e-01
2476 7.562309e-01
2477 7.560557e-01
2478 7.558805e-01
2479 7.557052e-01
2480 7.555299e-01
2481 7.553545e-01
2482 7.551791e-01
2483 7.550037e-01
2484 7.548282e-01
2485 7.546527e-01
2486 7.544772e-01
2487 7.543016e-01
2488 7.541260e-01
2489 7.539503e-01
2490 7.537746e-01
2491 7.535989e-01
2492 7.534231e-01
2493 7.532473e-01
2494 7.530714e-01
2495 7.528955e-01
2496 7.527196e-01
2497 7.525437e-01
2498 7.523677e-01
2499 7.521916e-01
2500 7.520155e-01
2501 7.518394e-01
2502 7.516633e-01
2503 7.514871e-01
2504 7.513109e-01
2505 7.511346e-01
2506 7.509583e-01
2507 7.507820e-01
2508 7.506056e-01
2509 7.504292e-01
2510 7.502528e-01
2511 7.500763e-01
2512 7.498998e-01
2513 7.497232e-01
2514 7.495466e-01
2515 7.493700e-01
2516 7.491933e-01
2517 7.490166e-01
2518 7.488399e-01
2519 7.486631e-01
2520 7.484863e-01
2521 7.483094e-01
2522 7.481325e-01
2523 7.479556e-01
2524 7.477787e-01
2525 7.476017e-01
2526 7.474246e-01
2527 7.472476e-01
2528 7.470704e-01
2529 7.468933e-01
2530 7.467161e-01
2531 7.465389e-01
2532 7.463617e-01
2533 7.461844e-01
2534 7.460071e-01
2535 7.458297e-01
2536 7.456523e-01
2537 7.454749e-01
2538 7.452974e-01
2539 7.451199e-01
2540 7.449424e-01
2541 7.447648e-01
2542 7.445872e-01
2543 7.444095e-01
2544 7.442318e-01
2545 7.440541e-01
2546 7.438764e-01
2547 7.436986e-01
2548 7.435207e-01
2549 7.433429e-01
2550 7.431650e-01
2551 7.429870e-01
2552 7.428091e-01
2553 7.426311e-01
2554 7.424530e-01
2555 7.422750e-01
2556 7.420968e-01
2557 7.419187e-01
2558 7.417405e-01
2559 7.415623e-01
2560 7.413840e-01
2561 7.412058e-01
2562 7.410274e-01
2563 7.408491e-01
2564 7.406707e-01
2565 7.404923e-01
2566 7.403138e-01
2567 7.401353e-01
2568 7.399568e-01
2569 7.397782e-01
2570 7.395996e-01
2571 7.394209e-01
2572 7.392423e-01
2573 7.390636e-01
2574 7.388848e-01
2575 7.387060e-01
2576 7.385272e-01
2577 7.383484e-01
2578 7.381695e-01
2579 7.379906e-01
2580 7.378116e-01
2581 7.376326e-01
2582 7.374536e-01
2583 7.372746e-01
2584 7.370955e-01
2585 7.369163e-01
2586 7.367372e-01
2587 7.365580e-01
2588 7.363788e-01
2589 7.361995e-01
2590 7.360202e-01
2591 7.358409e-01
2592 7.356615e-01
2593 7.354821e-01
2594 7.353027e-01
2595 7.351232e-01
2596 7.349437e-01
2597 7.347642e-01
2598 7.345846e-01
2599 7.344050e-01
2600 7.342254e-01
2601 7.340457e-01
2602 7.338660e-01
2603 7.336863e-01
2604 7.335065e-01
2605 7.333267e-01
2606 7.331468e-01
2607 7.329670e-01
2608 7.327871e-01
2609 7.326071e-01
2610 7.324271e-01
2611 7.322471e-01
2612 7.320671e-01
2613 7.318870e-01
2614 7.317069e-01
2615 7.315268e-01
2616 7.313466e-01
2617 7.311664e-01
2618 7.309861e-01
2619 7.308059e-01
2620 7.306256e-01
2621 7.304452e-01
2622 7.302648e-01
2623 7.300844e-01
2624 7.299040e-01
2625 7.297235e-01
2626 7.295430e-01
2627 7.293625e-01
2628 7.291819e-01
2629 7.290013e-01
2630 7.288207e-01
2631 7.286400e-01
2632 7.284593e-01
2633 7.282785e-01
2634 7.280978e-01
2635 7.279170e-01
2636 7.277361e-01
2637 7.275553e-01
2638 7.273744e-01
2639 7.271934e-01
2640 7.270125e-01
2641 7.268315e-01
2642 7.266504e-01
2643 7.264694e-01
2644 7.262883e-01
2645 7.261071e-01
2646 7.259260e-01
2647 7.257448e-01
2648 7.255636e-01
2649 7.253823e-01
2650 7.252010e-01
2651 7.250197e-01
2652 7.248383e-01
2653 7.246570e-01
2654 7.244755e-01
2655 7.242941e-01
2656 7.241126e-01
2657 7.239311e-01
2658 7.237495e-01
2659 7.235680e-01
2660 7.233864e-01
2661 7.232047e-01
2662 7.230230e-01
2663 7.228413e-01
2664 7.226596e-01
2665 7.224778e-01
2666 7.222960e-01
2667 7.221142e-01
2668 7.219323e-01
2669 7.217504e-01
2670 7.215685e-01
2671 7.213866e-01
2672 7.212046e-01
2673 7.210225e-01
2674 7.208405e-01
2675 7.206584e-01
2676 7.204763e-01
2677 7.202942e-01
2678 7.201120e-01
2679 7.199298e-01
2680 7.197475e-01
2681 7.195653e-01
2682 7.193830e-01
2683 7.192006e-01
2684 7.190183e-01
2685 7.188359e-01
2686 7.186534e-01
2687 7.184710e-01
2688 7.182885e-01
2689 7.181060e-01
2690 7.179234e-01
2691 7.177408e-01
2692 7.175582e-01
2693 7.173756e-01
2694 7.171929e-01
2695 7.170102e-01
2696 7.168275e-01
2697 7.166447e-01
2698 7.164619e-01
2699 7.162791e-01
2700 7.160962e-01
2701 7.159133e-01
2702 7.157304e-01
2703 7.155475e-01
2704 7.153645e-01
2705 7.151815e-01
2706 7.149985e-01
2707 7.148154e-01
2708 7.146323e-01
2709 7.144492e-01
2710 7.142660e-01
2711 7.140828e-01
2712 7.138996e-01
2713 7.137163e-01
2714 7.135331e-01
2715 7.133497e-01
2716 7.131664e-01
2717 7.129830e-01
2718 7.127996e-01
2719 7.126162e-01
2720 7.124328e-01
2721 7.122493e-01
2722 7.120657e-01
2723 7.118822e-01
2724 7.116986e-01
2725 7.115150e-01
2726 7.113314e-01
2727 7.111477e-01
2728 7.109640e-01
2729 7.107803e-01
2730 7.105965e-01
2731 7.104128e-01
2732 7.102289e-01
2733 7.100451e-01
2734 7.098612e-01
2735 7.096773e-01
2736 7.094934e-01
2737 7.093094e-01
2738 7.091254e-01
2739 7.089414e-01
2740 7.087574e-01
2741 7.085733e-01
2742 7.083892e-01
2743 7.082051e-01
2744 7.080209e-01
2745 7.078367e-01
2746 7.076525e-01
2747 7.074682e-01
2748 7.072840e-01
2749 7.070996e-01
2750 7.069153e-01
2751 7.067309e-01
2752 7.065466e-01
2753 7.063621e-01
2754 7.061777e-01
2755 7.059932e-01
2756 7.058087e-01
2757 7.056242e-01
2758 7.054396e-01
2759 7.052550e-01
2760 7.050704e-01
2761 7.048857e-01
2762 7.047010e-01
2763 7.045163e-01
2764 7.043316e-01
2765 7.041468e-01
2766 7.039620e-01
2767 7.037772e-01
2768 7.035924e-01
2769 7.034075e-01
2770 7.032226e-01
2771 7.030377e-01
2772 7.028527e-01
2773 7.026677e-01
2774 7.024827e-01
2775 7.022977e-01
2776 7.021126e-01
2777 7.019275e-01
2778 7.017424e-01
2779 7.015572e-01
2780 7.013720e-01
2781 7.011868e-01
2782 7.010016e-01
2783 7.008163e-01
2784 7.006310e-01
2785 7.004457e-01
2786 7.002603e-01
2787 7.000750e-01
2788 6.998896e-01
2789 6.997041e-01
2790 6.995187e-01
2791 6.993332e-01
2792 6.991477e-01
2793 6.989621e-01
2794 6.987766e-01
2795 6.985910e-01
2796 6.984054e-01
2797 6.982197e-01
2798 6.980340e-01
2799 6.978483e-01
2800 6.976626e-01
2801 6.974768e-01
2802 6.972911e-01
2803 6.971052e-01
2804 6.969194e-01
2805 6.967335e-01
2806 6.965477e-01
2807 6.963617e-01
2808 6.961758e-01
2809 6.959898e-01
2810 6.958038e-01
2811 6.956178e-01
2812 6.954317e-01
2813 6.952457e-01
2814 6.950596e-01
2815 6.948734e-01
2816 6.946873e-01
2817 6.945011e-01
2818 6.943149e-01
2819 6.941286e-01
2820 6.939424e-01
2821 6.937561e-01
2822 6.935698e-01
2823 6.933834e-01
2824 6.931971e-01
2825 6.930107e-01
2826 6.928242e-01
2827 6.926378e-01
2828 6.924513e-01
2829 6.922648e-01
2830 6.920783e-01
2831 6.918918e-01
2832 6.917052e-01
2833 6.915186e-01
2834 6.913320e-01
2835 6.911453e-01
2836 6.909586e-01
2837 6.907719e-01
2838 6.905852e-01
2839 6.903984e-01
2840 6.902116e-01
2841 6.900248e-01
2842 6.898380e-01
2843 6.896511e-01
2844 6.894643e-01
2845 6.892773e-01
2846 6.890904e-01
2847 6.889035e-01
2848 6.887165e-01
2849 6.885295e-01
2850 6.883424e-01
2851 6.881554e-01
2852 6.879683e-01
2853 6.877812e-01
2854 6.875940e-01
2855 6.874069e-01
2856 6.872197e-01
2857 6.870325e-01
2858 6.868452e-01
2859 6.866580e-01
2860 6.864707e-01
2861 6.862834e-01
2862 6.860960e-01
2863 6.859087e-01
2864 6.857213e-01
2865 6.855339e-01
2866 6.853464e-01
2867 6.851590e-01
2868 6.849715e-01
2869 6.847840e-01
2870 6.845964e-01
2871 6.844089e-01
2872 6.842213e-01
2873 6.840337e-01
2874 6.838460e-01
2875 6.836584e-01
2876 6.834707e-01
2877 6.832830e-01
2878 6.830953e-01
2879 6.829075e-01
2880 6.827197e-01
2881 6.825319e-01
2882 6.823441e-01
2883 6.821563e-01
2884 6.819684e-01
2885 6.817805e-01
2886 6.815926e-01
2887 6.814046e-01
2888 6.812166e-01
2889 6.810286e-01
2890 6.808406e-01
2891 6.806526e-01
2892 6.804645e-01
2893 6.802764e-01
2894 6.800883e-01
2895 6.799002e-01
2896 6.797120e-01
2897 6.795238e-01
2898 6.793356e-01
2899 6.791474e-01
2900 6.789591e-01
2901 6.787708e-01
2902 6.785825e-01
2903 6.783942e-01
2904 6.782059e-01
2905 6.780175e-01
2906 6.778291e-01
2907 6.776407e-01
2908 6.774522e-01
2909 6.772638e-01
2910 6.770753e-01
2911 6.768868e-01
2912 6.766982e-01
2913 6.765097e-01
2914 6.763211e-01
2915 6.761325e-01
2916 6.759439e-01
2917 6.757552e-01
2918 6.755665e-01
2919 6.753778e-01
2920 6.751891e-01
2921 6.750004e-01
2922 6.748116e-01
2923 6.746228e-01
2924 6.744340e-01
2925 6.742452e-01
2926 6.740563e-01
2927 6.738674e-01
2928 6.736785e-01
2929 6.734896e-01
2930 6.733007e-01
2931 6.731117e-01
2932 6.729227e-01
2933 6.727337e-01
2934 6.725447e-01
2935 6.723556e-01
2936 6.721665e-01
2937 6.719774e-01
2938 6.717883e-01
2939 6.715991e-01
2940 6.714100e-01
2941 6.712208e-01
2942 6.710316e-01
2943 6.708423e-01
2944 6.706531e-01
2945 6.704638e-01
2946 6.702745e-01
2947 6.700852e-01
2948 6.698958e-01
2949 6.697065e-01
2950 6.695171e-01
2951 6.693277e-01
2952 6.691382e-01
2953 6.689488e-01
2954 6.687593e-01
2955 6.685698e-01
2956 6.683803e-01
2957 6.681907e-01
2958 6.680012e-01
2959 6.678116e-01
2960 6.676220e-01
2961 6.674324e-01
2962 6.672427e-01
2963 6.670530e-01
2964 6.668633e-01
2965 6.666736e-01
2966 6.664839e-01
2967 6.662941e-01
2968 6.661044e-01
2969 6.659146e-01
2970 6.657248e-01
2971 6.655349e-01
2972 6.653451e-01
2973 6.651552e-01
2974 6.649653e-01
2975 6.647753e-01
2976 6.645854e-01
2977 6.643954e-01
2978 6.642055e-01
2979 6.640154e-01
2980 6.638254e-01
2981 6.636354e-01
2982 6.634453e-01
2983 6.632552e-01
2984 6.630651e-01
2985 6.628750e-01
2986 6.626848e-01
2987 6.624947e-01
2988 6.623045e-01
2989 6.621142e-01
2990 6.619240e-01
2991 6.617338e-01
2992 6.615435e-01
2993 6.613532e-01
2994 6.611629e-01
2995 6.609725e-01
2996 6.607822e-01
2997 6.605918e-01
2998 6.604014e-01
2999 6.602110e-01
3000 6.600206e-01
3001 6.598301e-01
3002 6.596396e-01
3003 6.594491e-01
3004 6.592586e-01
3005 6.590681e-01
3006 6.588775e-01
3007 6.586870e-01
3008 6.584964e-01
3009 6.583058e-01
3010 6.581151e-01
3011 6.579245e-01
3012 6.577338e-01
3013 6.575431e-01
3014 6.573524e-01
3015 6.571617e-01
3016 6.569709e-01
3017 6.567801e-01
3018 6.565893e-01
3019 6.563985e-01
3020 6.562077e-01
3021 6.560169e-01
3022 6.558260e-01
3023 6.556351e-01
3024 6.554442e-01
3025 6.552533e-01
3026 6.550623e-01
3027 6.548714e-01
3028 6.546804e-01
3029 6.544894e-01
3030 6.542984e-01
3031 6.541073e-01
3032 6.539163e-01
3033 6.537252e-01
3034 6.535341e-01
3035 6.533430e-01
3036 6.531518e-01
3037 6.529607e-01
3038 6.527695e-01
3039 6.525783e-01
3040 6.523871e-01
3041 6.521959e-01
3042 6.520046e-01
3043 6.518134e-01
3044 6.516221e-01
3045 6.514308e-01
3046 6.512395e-01
3047 6.510481e-01
3048 6.508568e-01
3049 6.506654e-01
3050 6.504740e-01
3051 6.502826e-01
3052 6.500911e-01
3053 6.498997e-01
3054 6.497082e-01
3055 6.495167e-01
3056 6.493252e-01
3057 6.491337e-01
3058 6.489422e-01
3059 6.487506e-01
3060 6.485590e-01
3061 6.483674e-01
3062 6.481758e-01
3063 6.479842e-01
3064 6.477926e-01
3065 6.476009e-01
3066 6.474092e-01
3067 6.472175e-01
3068 6.470258e-01
3069 6.468341e-01
3070 6.466423e-01
3071 6.464505e-01
